%[yyyymmdd]	[HHMMSS]	 Relative Cloudiness
%date	time	Ext	BRBG	CDOC	thick	thin	sun	hcf	BRmin	BRmid	Brmax	center_x	center_y	ext_ne	ext_ue	imagesize	latitude	longitude	level_brightpix	level_circle_ratio	level_bright_ratio	level_clear_sky	level_ne	level_ue	level_object_ratio	level_sunpix	level_thick_clouds	level_thin_clouds	level_mask_csi	o_min_size	offset_Angle	rad_sunmask	zenith_angle	rad_zero	use_horizon	use_sunmask	use_sunpix	use_brg	use_cdoc	write_sunpix	merge_sunmask	use_underexposed
20200618	000100	1112	0.01	0.07	0.00	0.07	5	0.98	0.97	2.44	37.59		0	0	11	12	0	37.19	102.86	0.8	0.5	5	0.1	2.5	2.5	0.9	0.99	0.5	0.1	0.9	15	-9	0.12	79.5	0.965	1	0	1	1	1	0	0	0
20200618	000200	1112	0.01	0.07	0.00	0.07	3	0.98	0.96	2.39	18.60		0	0	11	12	0	37.19	102.86	0.8	0.5	5	0.1	2.5	2.5	0.9	0.99	0.5	0.1	0.9	15	-9	0.12	79.5	0.965	1	0	1	1	1	0	0	0
20200618	000300	1112	0.01	0.07	0.00	0.07	3	0.98	0.96	2.39	25.62		0	0	11	12	0	37.19	102.86	0.8	0.5	5	0.1	2.5	2.5	0.9	0.99	0.5	0.1	0.9	15	-9	0.12	79.5	0.965	1	0	1	1	1	0	0	0
20200618	000400	1112	0.01	0.07	0.00	0.07	3	0.98	0.97	2.39	34.07		0	0	11	12	0	37.19	102.86	0.8	0.5	5	0.1	2.5	2.5	0.9	0.99	0.5	0.1	0.9	15	-9	0.12	79.5	0.965	1	0	1	1	1	0	0	0
20200618	000500	1112	0.00	0.07	0.00	0.07	1	0.98	0.98	2.39	35.43		0	0	11	12	0	37.19	102.86	0.8	0.5	5	0.1	2.5	2.5	0.9	0.99	0.5	0.1	0.9	15	-9	0.12	79.5	0.965	1	0	1	1	1	0	0	0
20200618	000600	1112	0.00	0.07	0.00	0.07	1	0.98	0.96	2.39	78.49		0	0	11	12	0	37.19	102.86	0.8	0.5	5	0.1	2.5	2.5	0.9	0.99	0.5	0.1	0.9	15	-9	0.12	79.5	0.965	1	0	1	1	1	0	0	0
20200618	000700	1112	0.00	0.07	0.00	0.07	1	0.98	0.98	2.39	19.62		0	0	11	12	0	37.19	102.86	0.8	0.5	5	0.1	2.5	2.5	0.9	0.99	0.5	0.1	0.9	15	-9	0.12	79.5	0.965	1	0	1	1	1	0	0	0
20200618	000800	1112	0.01	0.07	0.00	0.07	3	0.98	0.96	2.38	31.86		0	0	11	12	0	37.19	102.86	0.8	0.5	5	0.1	2.5	2.5	0.9	0.99	0.5	0.1	0.9	15	-9	0.12	79.5	0.965	1	0	1	1	1	0	0	0
20200618	000900	1112	0.01	0.07	0.00	0.07	3	0.98	0.96	2.39	20.25		0	0	11	12	0	37.19	102.86	0.8	0.5	5	0.1	2.5	2.5	0.9	0.99	0.5	0.1	0.9	15	-9	0.12	79.5	0.965	1	0	1	1	1	0	0	0
20200618	001000	1112	0.00	0.07	0.00	0.07	1	0.98	0.96	2.39	22.91		0	0	11	12	0	37.19	102.86	0.8	0.5	5	0.1	2.5	2.5	0.9	0.99	0.5	0.1	0.9	15	-9	0.12	79.5	0.965	1	0	1	1	1	0	0	0
20200618	001100	1112	0.01	0.07	0.00	0.07	5	0.98	0.98	2.39	29.91		0	0	11	12	0	37.19	102.86	0.8	0.5	5	0.1	2.5	2.5	0.9	0.99	0.5	0.1	0.9	15	-9	0.12	79.5	0.965	1	0	1	1	1	0	0	0
20200618	001200	1112	0.00	0.06	0.00	0.06	1	0.98	0.98	2.38	102.59		0	0	11	12	0	37.19	102.86	0.8	0.5	5	0.1	2.5	2.5	0.9	0.99	0.5	0.1	0.9	15	-9	0.12	79.5	0.965	1	0	1	1	1	0	0	0
20200618	001300	1112	0.00	0.06	0.00	0.06	1	0.98	0.98	2.38	109.88		0	0	11	12	0	37.19	102.86	0.8	0.5	5	0.1	2.5	2.5	0.9	0.99	0.5	0.1	0.9	15	-9	0.12	79.5	0.965	1	0	1	1	1	0	0	0
20200618	001400	1112	0.00	0.06	0.00	0.06	1	0.98	0.97	2.38	68.11		0	0	11	12	0	37.19	102.86	0.8	0.5	5	0.1	2.5	2.5	0.9	0.99	0.5	0.1	0.9	15	-9	0.12	79.5	0.965	1	0	1	1	1	0	0	0
20200618	001500	1112	-2	-2	-2	-2	9	-2.00	1.00	2.38	36.85		0	0	11	12	0	37.19	102.86	0.8	0.5	5	0.1	2.5	2.5	0.9	0.99	0.5	0.1	0.9	15	-9	0.12	79.5	0.965	1	0	1	1	1	0	0	0
20200618	001600	1112	0.00	0.06	0.00	0.06	1	0.98	0.99	2.38	35.67		0	0	11	12	0	37.19	102.86	0.8	0.5	5	0.1	2.5	2.5	0.9	0.99	0.5	0.1	0.9	15	-9	0.12	79.5	0.965	1	0	1	1	1	0	0	0
20200618	001700	1112	0.01	0.06	0.00	0.06	5	0.98	0.98	2.38	90.65		0	0	11	12	0	37.19	102.86	0.8	0.5	5	0.1	2.5	2.5	0.9	0.99	0.5	0.1	0.9	15	-9	0.12	79.5	0.965	1	0	1	1	1	0	0	0
20200618	001800	1112	0.00	0.06	0.00	0.06	1	0.98	0.96	2.38	41.75		0	0	11	12	0	37.19	102.86	0.8	0.5	5	0.1	2.5	2.5	0.9	0.99	0.5	0.1	0.9	15	-9	0.12	79.5	0.965	1	0	1	1	1	0	0	0
20200618	001900	1112	0.00	0.06	0.00	0.06	1	0.98	0.96	2.38	40.76		0	0	11	12	0	37.19	102.86	0.8	0.5	5	0.1	2.5	2.5	0.9	0.99	0.5	0.1	0.9	15	-9	0.12	79.5	0.965	1	0	1	1	1	0	0	0
20200618	002000	1112	0.01	0.06	0.00	0.06	5	0.98	0.99	2.38	41.82		0	0	11	12	0	37.19	102.86	0.8	0.5	5	0.1	2.5	2.5	0.9	0.99	0.5	0.1	0.9	15	-9	0.12	79.5	0.965	1	0	1	1	1	0	0	0
20200618	002100	1112	0.00	0.06	0.00	0.06	1	0.98	0.98	2.38	28.34		0	0	11	12	0	37.19	102.86	0.8	0.5	5	0.1	2.5	2.5	0.9	0.99	0.5	0.1	0.9	15	-9	0.12	79.5	0.965	1	0	1	1	1	0	0	0
20200618	002200	1112	0.01	0.06	0.00	0.06	3	0.98	0.96	2.38	38.02		0	0	11	12	0	37.19	102.86	0.8	0.5	5	0.1	2.5	2.5	0.9	0.99	0.5	0.1	0.9	15	-9	0.12	79.5	0.965	1	0	1	1	1	0	0	0
20200618	002300	1112	0.01	0.05	0.00	0.05	5	0.98	0.96	2.38	46.88		0	0	11	12	0	37.19	102.86	0.8	0.5	5	0.1	2.5	2.5	0.9	0.99	0.5	0.1	0.9	15	-9	0.12	79.5	0.965	1	0	1	1	1	0	0	0
20200618	002400	1112	0.01	0.05	0.00	0.05	3	0.97	0.98	2.38	36.46		0	0	11	12	0	37.19	102.86	0.8	0.5	5	0.1	2.5	2.5	0.9	0.99	0.5	0.1	0.9	15	-9	0.12	79.5	0.965	1	0	1	1	1	0	0	0
20200618	002500	1112	0.01	0.05	0.00	0.05	3	0.98	0.98	2.38	31.43		0	0	11	12	0	37.19	102.86	0.8	0.5	5	0.1	2.5	2.5	0.9	0.99	0.5	0.1	0.9	15	-9	0.12	79.5	0.965	1	0	1	1	1	0	0	0
20200618	002600	1112	0.00	0.05	0.00	0.05	3	0.98	0.98	2.38	79.38		0	0	11	12	0	37.19	102.86	0.8	0.5	5	0.1	2.5	2.5	0.9	0.99	0.5	0.1	0.9	15	-9	0.12	79.5	0.965	1	0	1	1	1	0	0	0
20200618	002700	1112	0.00	0.05	0.00	0.05	3	0.97	0.96	2.38	43.87		0	0	11	12	0	37.19	102.86	0.8	0.5	5	0.1	2.5	2.5	0.9	0.99	0.5	0.1	0.9	15	-9	0.12	79.5	0.965	1	0	1	1	1	0	0	0
20200618	002800	1112	0.00	0.05	0.00	0.05	3	0.97	0.98	2.38	41.03		0	0	11	12	0	37.19	102.86	0.8	0.5	5	0.1	2.5	2.5	0.9	0.99	0.5	0.1	0.9	15	-9	0.12	79.5	0.965	1	0	1	1	1	0	0	0
20200618	002900	1112	0.00	0.05	0.00	0.05	3	0.97	0.96	2.38	78.89		0	0	11	12	0	37.19	102.86	0.8	0.5	5	0.1	2.5	2.5	0.9	0.99	0.5	0.1	0.9	15	-9	0.12	79.5	0.965	1	0	1	1	1	0	0	0
20200618	003000	1112	0.00	0.05	0.00	0.05	3	0.97	0.96	2.37	47.71		0	0	11	12	0	37.19	102.86	0.8	0.5	5	0.1	2.5	2.5	0.9	0.99	0.5	0.1	0.9	15	-9	0.12	79.5	0.965	1	0	1	1	1	0	0	0
20200618	003100	1112	0.00	0.05	0.00	0.05	3	0.97	0.96	2.37	20.89		0	0	11	12	0	37.19	102.86	0.8	0.5	5	0.1	2.5	2.5	0.9	0.99	0.5	0.1	0.9	15	-9	0.12	79.5	0.965	1	0	1	1	1	0	0	0
20200618	003200	1112	0.00	0.05	0.00	0.05	3	0.97	0.96	2.37	35.57		0	0	11	12	0	37.19	102.86	0.8	0.5	5	0.1	2.5	2.5	0.9	0.99	0.5	0.1	0.9	15	-9	0.12	79.5	0.965	1	0	1	1	1	0	0	0
20200618	003300	1112	0.00	0.05	0.00	0.05	3	0.98	0.98	2.37	44.31		0	0	11	12	0	37.19	102.86	0.8	0.5	5	0.1	2.5	2.5	0.9	0.99	0.5	0.1	0.9	15	-9	0.12	79.5	0.965	1	0	1	1	1	0	0	0
20200618	003400	1112	0.00	0.05	0.00	0.05	3	0.97	0.98	2.37	39.47		0	0	11	12	0	37.19	102.86	0.8	0.5	5	0.1	2.5	2.5	0.9	0.99	0.5	0.1	0.9	15	-9	0.12	79.5	0.965	1	0	1	1	1	0	0	0
20200618	003500	1112	0.00	0.05	0.00	0.05	3	0.98	0.98	2.37	40.36		0	0	11	12	0	37.19	102.86	0.8	0.5	5	0.1	2.5	2.5	0.9	0.99	0.5	0.1	0.9	15	-9	0.12	79.5	0.965	1	0	1	1	1	0	0	0
20200618	003600	1112	0.00	0.05	0.00	0.05	3	0.98	0.96	2.37	107.62		0	0	11	12	0	37.19	102.86	0.8	0.5	5	0.1	2.5	2.5	0.9	0.99	0.5	0.1	0.9	15	-9	0.12	79.5	0.965	1	0	1	1	1	0	0	0
20200618	003700	1112	0.00	0.05	0.00	0.05	3	0.98	0.99	2.37	95.49		0	0	11	12	0	37.19	102.86	0.8	0.5	5	0.1	2.5	2.5	0.9	0.99	0.5	0.1	0.9	15	-9	0.12	79.5	0.965	1	0	1	1	1	0	0	0
20200618	003800	1112	0.00	0.05	0.00	0.05	3	0.98	0.97	2.37	36.31		0	0	11	12	0	37.19	102.86	0.8	0.5	5	0.1	2.5	2.5	0.9	0.99	0.5	0.1	0.9	15	-9	0.12	79.5	0.965	1	0	1	1	1	0	0	0
20200618	003900	1112	0.00	0.05	0.00	0.05	3	0.98	0.99	2.36	99.38		0	0	11	12	0	37.19	102.86	0.8	0.5	5	0.1	2.5	2.5	0.9	0.99	0.5	0.1	0.9	15	-9	0.12	79.5	0.965	1	0	1	1	1	0	0	0
20200618	004000	1112	0.00	0.05	0.00	0.05	3	0.98	0.96	2.36	36.31		0	0	11	12	0	37.19	102.86	0.8	0.5	5	0.1	2.5	2.5	0.9	0.99	0.5	0.1	0.9	15	-9	0.12	79.5	0.965	1	0	1	1	1	0	0	0
20200618	004100	1112	0.00	0.05	0.00	0.05	3	0.98	0.96	2.36	113.37		0	0	11	12	0	37.19	102.86	0.8	0.5	5	0.1	2.5	2.5	0.9	0.99	0.5	0.1	0.9	15	-9	0.12	79.5	0.965	1	0	1	1	1	0	0	0
20200618	004200	1112	0.00	0.04	0.00	0.04	3	0.98	0.96	2.36	29.91		0	0	11	12	0	37.19	102.86	0.8	0.5	5	0.1	2.5	2.5	0.9	0.99	0.5	0.1	0.9	15	-9	0.12	79.5	0.965	1	0	1	1	1	0	0	0
20200618	004300	1112	0.00	0.04	0.00	0.04	3	0.98	0.96	2.36	98.54		0	0	11	12	0	37.19	102.86	0.8	0.5	5	0.1	2.5	2.5	0.9	0.99	0.5	0.1	0.9	15	-9	0.12	79.5	0.965	1	0	1	1	1	0	0	0
20200618	004400	1112	0.00	0.01	0.00	0.01	3	0.88	0.98	2.36	103.91		0	0	11	12	0	37.19	102.86	0.8	0.5	5	0.1	2.5	2.5	0.9	0.99	0.5	0.1	0.9	15	-9	0.12	79.5	0.965	1	0	1	1	1	0	0	0
20200618	004500	1112	0.00	0.06	0.00	0.06	3	0.98	0.98	2.36	95.41		0	0	11	12	0	37.19	102.86	0.8	0.5	5	0.1	2.5	2.5	0.9	0.99	0.5	0.1	0.9	15	-9	0.12	79.5	0.965	1	0	1	1	1	0	0	0
20200618	004600	1112	0.00	0.06	0.00	0.06	3	0.98	0.96	2.36	95.41		0	0	11	12	0	37.19	102.86	0.8	0.5	5	0.1	2.5	2.5	0.9	0.99	0.5	0.1	0.9	15	-9	0.12	79.5	0.965	1	0	1	1	1	0	0	0
20200618	004700	1112	0.00	0.02	0.00	0.02	3	0.88	0.96	2.36	17.64		0	0	11	12	0	37.19	102.86	0.8	0.5	5	0.1	2.5	2.5	0.9	0.99	0.5	0.1	0.9	15	-9	0.12	79.5	0.965	1	0	1	1	1	0	0	0
20200618	004800	1112	0.00	0.02	0.00	0.02	3	0.88	0.96	2.36	74.02		0	0	11	12	0	37.19	102.86	0.8	0.5	5	0.1	2.5	2.5	0.9	0.99	0.5	0.1	0.9	15	-9	0.12	79.5	0.965	1	0	1	1	1	0	0	0
20200618	004900	1112	0.00	0.02	0.00	0.02	3	0.88	0.96	2.36	64.57		0	0	11	12	0	37.19	102.86	0.8	0.5	5	0.1	2.5	2.5	0.9	0.99	0.5	0.1	0.9	15	-9	0.12	79.5	0.965	1	0	1	1	1	0	0	0
20200618	005000	1112	0.00	0.02	0.00	0.02	3	0.88	0.96	2.35	93.06		0	0	11	12	0	37.19	102.86	0.8	0.5	5	0.1	2.5	2.5	0.9	0.99	0.5	0.1	0.9	15	-9	0.12	79.5	0.965	1	0	1	1	1	0	0	0
20200618	005100	1112	0.00	0.02	0.00	0.02	3	0.89	0.96	2.35	64.57		0	0	11	12	0	37.19	102.86	0.8	0.5	5	0.1	2.5	2.5	0.9	0.99	0.5	0.1	0.9	15	-9	0.12	79.5	0.965	1	0	1	1	1	0	0	0
20200618	005200	1112	0.00	0.02	0.00	0.02	3	0.89	0.96	2.35	29.36		0	0	11	12	0	37.19	102.86	0.8	0.5	5	0.1	2.5	2.5	0.9	0.99	0.5	0.1	0.9	15	-9	0.12	79.5	0.965	1	0	1	1	1	0	0	0
20200618	005300	1112	0.00	0.02	0.00	0.02	3	0.89	0.96	2.35	63.73		0	0	11	12	0	37.19	102.86	0.8	0.5	5	0.1	2.5	2.5	0.9	0.99	0.5	0.1	0.9	15	-9	0.12	79.5	0.965	1	0	1	1	1	0	0	0
20200618	005400	1112	0.00	0.02	0.00	0.02	3	0.89	0.98	2.35	17.02		0	0	11	12	0	37.19	102.86	0.8	0.5	5	0.1	2.5	2.5	0.9	0.99	0.5	0.1	0.9	15	-9	0.12	79.5	0.965	1	0	1	1	1	0	0	0
20200618	005500	1112	0.00	0.02	0.00	0.02	3	0.89	0.96	2.35	15.02		0	0	11	12	0	37.19	102.86	0.8	0.5	5	0.1	2.5	2.5	0.9	0.99	0.5	0.1	0.9	15	-9	0.12	79.5	0.965	1	0	1	1	1	0	0	0
20200618	005600	1112	0.00	0.02	0.00	0.02	3	0.89	0.96	2.35	17.07		0	0	11	12	0	37.19	102.86	0.8	0.5	5	0.1	2.5	2.5	0.9	0.99	0.5	0.1	0.9	15	-9	0.12	79.5	0.965	1	0	1	1	1	0	0	0
20200618	005700	1112	0.00	0.02	0.00	0.02	3	0.89	0.96	2.35	18.51		0	0	11	12	0	37.19	102.86	0.8	0.5	5	0.1	2.5	2.5	0.9	0.99	0.5	0.1	0.9	15	-9	0.12	79.5	0.965	1	0	1	1	1	0	0	0
20200618	005800	1112	0.00	0.02	0.00	0.02	3	0.89	0.96	2.34	11.91		0	0	11	12	0	37.19	102.86	0.8	0.5	5	0.1	2.5	2.5	0.9	0.99	0.5	0.1	0.9	15	-9	0.12	79.5	0.965	1	0	1	1	1	0	0	0
20200618	005900	1112	0.00	0.02	0.00	0.02	3	0.89	0.96	2.34	20.51		0	0	11	12	0	37.19	102.86	0.8	0.5	5	0.1	2.5	2.5	0.9	0.99	0.5	0.1	0.9	15	-9	0.12	79.5	0.965	1	0	1	1	1	0	0	0
20200618	010000	1112	0.00	0.02	0.00	0.02	3	0.89	0.96	2.34	12.39		0	0	11	12	0	37.19	102.86	0.8	0.5	5	0.1	2.5	2.5	0.9	0.99	0.5	0.1	0.9	15	-9	0.12	79.5	0.965	1	0	1	1	1	0	0	0
20200618	010100	1112	0.00	0.02	0.00	0.02	3	0.89	0.96	2.34	20.51		0	0	11	12	0	37.19	102.86	0.8	0.5	5	0.1	2.5	2.5	0.9	0.99	0.5	0.1	0.9	15	-9	0.12	79.5	0.965	1	0	1	1	1	0	0	0
20200618	010200	1112	0.00	0.02	0.00	0.02	3	0.89	0.98	2.34	11.91		0	0	11	12	0	37.19	102.86	0.8	0.5	5	0.1	2.5	2.5	0.9	0.99	0.5	0.1	0.9	15	-9	0.12	79.5	0.965	1	0	1	1	1	0	0	0
20200618	010300	1112	0.00	0.02	0.00	0.02	3	0.89	0.98	2.34	11.29		0	0	11	12	0	37.19	102.86	0.8	0.5	5	0.1	2.5	2.5	0.9	0.99	0.5	0.1	0.9	15	-9	0.12	79.5	0.965	1	0	1	1	1	0	0	0
20200618	010400	1112	0.00	0.02	0.00	0.02	3	0.89	0.98	2.34	12.03		0	0	11	12	0	37.19	102.86	0.8	0.5	5	0.1	2.5	2.5	0.9	0.99	0.5	0.1	0.9	15	-9	0.12	79.5	0.965	1	0	1	1	1	0	0	0
20200618	010500	1112	0.00	0.02	0.00	0.02	3	0.89	0.96	2.34	13.02		0	0	11	12	0	37.19	102.86	0.8	0.5	5	0.1	2.5	2.5	0.9	0.99	0.5	0.1	0.9	15	-9	0.12	79.5	0.965	1	0	1	1	1	0	0	0
20200618	010600	1112	0.00	0.01	0.00	0.01	3	0.89	0.96	2.34	10.37		0	0	11	12	0	37.19	102.86	0.8	0.5	5	0.1	2.5	2.5	0.9	0.99	0.5	0.1	0.9	15	-9	0.12	79.5	0.965	1	0	1	1	1	0	0	0
20200618	010700	1112	0.00	0.01	0.00	0.01	3	0.89	0.98	2.33	43.47		0	0	11	12	0	37.19	102.86	0.8	0.5	5	0.1	2.5	2.5	0.9	0.99	0.5	0.1	0.9	15	-9	0.12	79.5	0.965	1	0	1	1	1	0	0	0
20200618	010800	1112	0.00	0.01	0.00	0.01	3	0.90	0.98	2.33	10.81		0	0	11	12	0	37.19	102.86	0.8	0.5	5	0.1	2.5	2.5	0.9	0.99	0.5	0.1	0.9	15	-9	0.12	79.5	0.965	1	0	1	1	1	0	0	0
20200618	010900	1112	0.00	0.01	0.00	0.01	3	0.90	0.98	2.33	11.97		0	0	11	12	0	37.19	102.86	0.8	0.5	5	0.1	2.5	2.5	0.9	0.99	0.5	0.1	0.9	15	-9	0.12	79.5	0.965	1	0	1	1	1	0	0	0
20200618	011000	1112	0.00	0.01	0.00	0.01	3	0.90	0.97	2.33	14.78		0	0	11	12	0	37.19	102.86	0.8	0.5	5	0.1	2.5	2.5	0.9	0.99	0.5	0.1	0.9	15	-9	0.12	79.5	0.965	1	0	1	1	1	0	0	0
20200618	011100	1112	0.00	0.01	0.00	0.01	3	0.90	0.98	2.33	10.39		0	0	11	12	0	37.19	102.86	0.8	0.5	5	0.1	2.5	2.5	0.9	0.99	0.5	0.1	0.9	15	-9	0.12	79.5	0.965	1	0	1	1	1	0	0	0
20200618	011200	1112	0.00	0.01	0.00	0.01	3	0.90	0.98	2.33	10.98		0	0	11	12	0	37.19	102.86	0.8	0.5	5	0.1	2.5	2.5	0.9	0.99	0.5	0.1	0.9	15	-9	0.12	79.5	0.965	1	0	1	1	1	0	0	0
20200618	011300	1112	0.00	0.01	0.00	0.01	3	0.90	0.98	2.33	87.05		0	0	11	12	0	37.19	102.86	0.8	0.5	5	0.1	2.5	2.5	0.9	0.99	0.5	0.1	0.9	15	-9	0.12	79.5	0.965	1	0	1	1	1	0	0	0
20200618	011400	1112	0.00	0.01	0.00	0.01	3	0.90	0.96	2.33	11.63		0	0	11	12	0	37.19	102.86	0.8	0.5	5	0.1	2.5	2.5	0.9	0.99	0.5	0.1	0.9	15	-9	0.12	79.5	0.965	1	0	1	1	1	0	0	0
20200618	011500	1112	0.00	0.03	0.00	0.03	3	0.90	0.96	2.32	14.62		0	0	11	12	0	37.19	102.86	0.8	0.5	5	0.1	2.5	2.5	0.9	0.99	0.5	0.1	0.9	15	-9	0.12	79.5	0.965	1	0	1	1	1	0	0	0
20200618	011600	1112	0.00	0.03	0.00	0.03	3	0.90	0.98	2.32	32.14		0	0	11	12	0	37.19	102.86	0.8	0.5	5	0.1	2.5	2.5	0.9	0.99	0.5	0.1	0.9	15	-9	0.12	79.5	0.965	1	0	1	1	1	0	0	0
20200618	011700	1112	0.00	0.03	0.00	0.03	3	0.90	0.97	2.32	9.90		0	0	11	12	0	37.19	102.86	0.8	0.5	5	0.1	2.5	2.5	0.9	0.99	0.5	0.1	0.9	15	-9	0.12	79.5	0.965	1	0	1	1	1	0	0	0
20200618	011800	1112	0.00	0.03	0.00	0.03	3	0.90	0.98	2.32	22.66		0	0	11	12	0	37.19	102.86	0.8	0.5	5	0.1	2.5	2.5	0.9	0.99	0.5	0.1	0.9	15	-9	0.12	79.5	0.965	1	0	1	1	1	0	0	0
20200618	011900	1112	0.00	0.02	0.00	0.02	3	0.90	0.96	2.32	10.14		0	0	11	12	0	37.19	102.86	0.8	0.5	5	0.1	2.5	2.5	0.9	0.99	0.5	0.1	0.9	15	-9	0.12	79.5	0.965	1	0	1	1	1	0	0	0
20200618	012000	1112	0.00	0.02	0.00	0.02	3	0.91	0.98	2.31	15.48		0	0	11	12	0	37.19	102.86	0.8	0.5	5	0.1	2.5	2.5	0.9	0.99	0.5	0.1	0.9	15	-9	0.12	79.5	0.965	1	0	1	1	1	0	0	0
20200618	012100	1112	0.00	0.02	0.00	0.02	3	0.91	0.98	2.31	10.12		0	0	11	12	0	37.19	102.86	0.8	0.5	5	0.1	2.5	2.5	0.9	0.99	0.5	0.1	0.9	15	-9	0.12	79.5	0.965	1	0	1	1	1	0	0	0
20200618	012200	1112	0.00	0.02	0.00	0.02	3	0.91	0.98	2.30	29.60		0	0	11	12	0	37.19	102.86	0.8	0.5	5	0.1	2.5	2.5	0.9	0.99	0.5	0.1	0.9	15	-9	0.12	79.5	0.965	1	0	1	1	1	0	0	0
20200618	012300	1112	0.00	0.03	0.00	0.03	3	0.91	0.96	2.30	123.86		0	0	11	12	0	37.19	102.86	0.8	0.5	5	0.1	2.5	2.5	0.9	0.99	0.5	0.1	0.9	15	-9	0.12	79.5	0.965	1	0	1	1	1	0	0	0
20200618	012400	1112	0.00	0.02	0.00	0.02	3	0.92	0.98	2.29	189.54		0	0	11	12	0	37.19	102.86	0.8	0.5	5	0.1	2.5	2.5	0.9	0.99	0.5	0.1	0.9	15	-9	0.12	79.5	0.965	1	0	1	1	1	0	0	0
20200618	012500	1112	0.00	0.03	0.00	0.03	3	0.92	0.98	2.28	78.13		0	0	11	12	0	37.19	102.86	0.8	0.5	5	0.1	2.5	2.5	0.9	0.99	0.5	0.1	0.9	15	-9	0.12	79.5	0.965	1	0	1	1	1	0	0	0
20200618	012600	1112	0.00	0.03	0.00	0.03	3	0.92	0.98	2.28	10.67		0	0	11	12	0	37.19	102.86	0.8	0.5	5	0.1	2.5	2.5	0.9	0.99	0.5	0.1	0.9	15	-9	0.12	79.5	0.965	1	0	1	1	1	0	0	0
20200618	012700	1112	0.00	0.03	0.00	0.03	3	0.92	0.96	2.27	13.07		0	0	11	12	0	37.19	102.86	0.8	0.5	5	0.1	2.5	2.5	0.9	0.99	0.5	0.1	0.9	15	-9	0.12	79.5	0.965	1	0	1	1	1	0	0	0
20200618	012800	1112	0.00	0.03	0.00	0.03	3	0.92	0.96	2.27	14.09		0	0	11	12	0	37.19	102.86	0.8	0.5	5	0.1	2.5	2.5	0.9	0.99	0.5	0.1	0.9	15	-9	0.12	79.5	0.965	1	0	1	1	1	0	0	0
20200618	012900	1112	0.00	0.03	0.00	0.03	3	0.93	0.98	2.26	19.67		0	0	11	12	0	37.19	102.86	0.8	0.5	5	0.1	2.5	2.5	0.9	0.99	0.5	0.1	0.9	15	-9	0.12	79.5	0.965	1	0	1	1	1	0	0	0
20200618	013000	1112	0.00	0.03	0.00	0.03	3	0.93	0.98	2.26	6.68		0	0	11	12	0	37.19	102.86	0.8	0.5	5	0.1	2.5	2.5	0.9	0.99	0.5	0.1	0.9	15	-9	0.12	79.5	0.965	1	0	1	1	1	0	0	0
20200618	013100	1112	0.00	0.03	0.00	0.03	3	0.93	0.98	2.25	11.14		0	0	11	12	0	37.19	102.86	0.8	0.5	5	0.1	2.5	2.5	0.9	0.99	0.5	0.1	0.9	15	-9	0.12	79.5	0.965	1	0	1	1	1	0	0	0
20200618	013200	1112	0.00	0.03	0.00	0.03	3	0.93	0.97	2.25	168.00		0	0	11	12	0	37.19	102.86	0.8	0.5	5	0.1	2.5	2.5	0.9	0.99	0.5	0.1	0.9	15	-9	0.12	79.5	0.965	1	0	1	1	1	0	0	0
20200618	013300	1112	0.00	0.03	0.00	0.03	3	0.94	0.98	2.24	101.58		0	0	11	12	0	37.19	102.86	0.8	0.5	5	0.1	2.5	2.5	0.9	0.99	0.5	0.1	0.9	15	-9	0.12	79.5	0.965	1	0	1	1	1	0	0	0
20200618	013400	1112	0.00	0.03	0.00	0.03	3	0.94	0.98	2.25	172.01		0	0	11	12	0	37.19	102.86	0.8	0.5	5	0.1	2.5	2.5	0.9	0.99	0.5	0.1	0.9	15	-9	0.12	79.5	0.965	1	0	1	1	1	0	0	0
20200618	013500	1112	0.00	0.02	0.00	0.02	3	0.94	0.97	2.25	106.31		0	0	11	12	0	37.19	102.86	0.8	0.5	5	0.1	2.5	2.5	0.9	0.99	0.5	0.1	0.9	15	-9	0.12	79.5	0.965	1	0	1	1	1	0	0	0
20200618	013600	1112	0.00	0.02	0.00	0.02	3	0.93	0.96	2.26	38.03		0	0	11	12	0	37.19	102.86	0.8	0.5	5	0.1	2.5	2.5	0.9	0.99	0.5	0.1	0.9	15	-9	0.12	79.5	0.965	1	0	1	1	1	0	0	0
20200618	013700	1112	0.00	0.02	0.00	0.02	3	0.93	0.96	2.26	17.59		0	0	11	12	0	37.19	102.86	0.8	0.5	5	0.1	2.5	2.5	0.9	0.99	0.5	0.1	0.9	15	-9	0.12	79.5	0.965	1	0	1	1	1	0	0	0
20200618	013800	1112	0.00	0.02	0.00	0.02	3	0.93	0.96	2.27	275.76		0	0	11	12	0	37.19	102.86	0.8	0.5	5	0.1	2.5	2.5	0.9	0.99	0.5	0.1	0.9	15	-9	0.12	79.5	0.965	1	0	1	1	1	0	0	0
20200618	013900	1112	0.00	0.02	0.00	0.02	3	0.93	0.96	2.27	125.68		0	0	11	12	0	37.19	102.86	0.8	0.5	5	0.1	2.5	2.5	0.9	0.99	0.5	0.1	0.9	15	-9	0.12	79.5	0.965	1	0	1	1	1	0	0	0
20200618	014000	1112	0.00	0.03	0.00	0.03	3	0.93	0.96	2.27	695.45		0	0	11	12	0	37.19	102.86	0.8	0.5	5	0.1	2.5	2.5	0.9	0.99	0.5	0.1	0.9	15	-9	0.12	79.5	0.965	1	0	1	1	1	0	0	0
20200618	014100	1112	0.00	0.03	0.00	0.03	3	0.92	0.98	2.27	171.07		0	0	11	12	0	37.19	102.86	0.8	0.5	5	0.1	2.5	2.5	0.9	0.99	0.5	0.1	0.9	15	-9	0.12	79.5	0.965	1	0	1	1	1	0	0	0
20200618	014200	1112	0.00	0.03	0.00	0.03	3	0.92	0.98	2.26	240.68		0	0	11	12	0	37.19	102.86	0.8	0.5	5	0.1	2.5	2.5	0.9	0.99	0.5	0.1	0.9	15	-9	0.12	79.5	0.965	1	0	1	1	1	0	0	0
20200618	014300	1112	0.00	0.03	0.00	0.03	3	0.92	0.96	2.27	359.74		0	0	11	12	0	37.19	102.86	0.8	0.5	5	0.1	2.5	2.5	0.9	0.99	0.5	0.1	0.9	15	-9	0.12	79.5	0.965	1	0	1	1	1	0	0	0
20200618	014400	1112	0.00	0.03	0.00	0.03	3	0.92	0.98	2.26	480.55		0	0	11	12	0	37.19	102.86	0.8	0.5	5	0.1	2.5	2.5	0.9	0.99	0.5	0.1	0.9	15	-9	0.12	79.5	0.965	1	0	1	1	1	0	0	0
20200618	014500	1112	0.00	0.05	0.00	0.05	3	0.92	0.96	2.26	155.79		0	0	11	12	0	37.19	102.86	0.8	0.5	5	0.1	2.5	2.5	0.9	0.99	0.5	0.1	0.9	15	-9	0.12	79.5	0.965	1	0	1	1	1	0	0	0
20200618	014600	1112	0.00	0.05	0.00	0.05	3	0.92	0.96	2.27	420.97		0	0	11	12	0	37.19	102.86	0.8	0.5	5	0.1	2.5	2.5	0.9	0.99	0.5	0.1	0.9	15	-9	0.12	79.5	0.965	1	0	1	1	1	0	0	0
20200618	014700	1112	0.00	0.04	0.00	0.04	3	0.92	0.98	2.27	614.75		0	0	11	12	0	37.19	102.86	0.8	0.5	5	0.1	2.5	2.5	0.9	0.99	0.5	0.1	0.9	15	-9	0.12	79.5	0.965	1	0	1	1	1	0	0	0
20200618	014800	1112	0.00	0.04	0.00	0.04	3	0.92	0.98	2.27	250.73		0	0	11	12	0	37.19	102.86	0.8	0.5	5	0.1	2.5	2.5	0.9	0.99	0.5	0.1	0.9	15	-9	0.12	79.5	0.965	1	0	1	1	1	0	0	0
20200618	014900	1112	0.00	0.04	0.00	0.04	3	0.92	0.96	2.27	77.71		0	0	11	12	0	37.19	102.86	0.8	0.5	5	0.1	2.5	2.5	0.9	0.99	0.5	0.1	0.9	15	-9	0.12	79.5	0.965	1	0	1	1	1	0	0	0
20200618	015000	1112	0.00	0.04	0.00	0.04	3	0.92	0.98	2.27	451.56		0	0	11	12	0	37.19	102.86	0.8	0.5	5	0.1	2.5	2.5	0.9	0.99	0.5	0.1	0.9	15	-9	0.12	79.5	0.965	1	0	1	1	1	0	0	0
20200618	015100	1112	0.00	0.04	0.00	0.04	3	0.92	0.98	2.27	7.52		0	0	11	12	0	37.19	102.86	0.8	0.5	5	0.1	2.5	2.5	0.9	0.99	0.5	0.1	0.9	15	-9	0.12	79.5	0.965	1	0	1	1	1	0	0	0
20200618	015200	1112	0.00	0.04	0.00	0.04	3	0.92	0.99	2.27	253.46		0	0	11	12	0	37.19	102.86	0.8	0.5	5	0.1	2.5	2.5	0.9	0.99	0.5	0.1	0.9	15	-9	0.12	79.5	0.965	1	0	1	1	1	0	0	0
20200618	015300	1112	0.00	0.04	0.00	0.04	3	0.92	0.98	2.26	140.43		0	0	11	12	0	37.19	102.86	0.8	0.5	5	0.1	2.5	2.5	0.9	0.99	0.5	0.1	0.9	15	-9	0.12	79.5	0.965	1	0	1	1	1	0	0	0
20200618	015400	1112	0.00	0.03	0.00	0.03	3	0.93	0.96	2.26	15.94		0	0	11	12	0	37.19	102.86	0.8	0.5	5	0.1	2.5	2.5	0.9	0.99	0.5	0.1	0.9	15	-9	0.12	79.5	0.965	1	0	1	1	1	0	0	0
20200618	015500	1112	0.00	0.03	0.00	0.03	3	0.93	0.99	2.26	14.55		0	0	11	12	0	37.19	102.86	0.8	0.5	5	0.1	2.5	2.5	0.9	0.99	0.5	0.1	0.9	15	-9	0.12	79.5	0.965	1	0	1	1	1	0	0	0
20200618	015600	1112	0.00	0.03	0.00	0.03	3	0.93	0.98	2.26	607.98		0	0	11	12	0	37.19	102.86	0.8	0.5	5	0.1	2.5	2.5	0.9	0.99	0.5	0.1	0.9	15	-9	0.12	79.5	0.965	1	0	1	1	1	0	0	0
20200618	015700	1112	0.00	0.03	0.00	0.03	3	0.93	0.98	2.25	1026.82		0	0	11	12	0	37.19	102.86	0.8	0.5	5	0.1	2.5	2.5	0.9	0.99	0.5	0.1	0.9	15	-9	0.12	79.5	0.965	1	0	1	1	1	0	0	0
20200618	015800	1112	0.00	0.03	0.00	0.03	3	0.94	0.96	2.24	127.29		0	0	11	12	0	37.19	102.86	0.8	0.5	5	0.1	2.5	2.5	0.9	0.99	0.5	0.1	0.9	15	-9	0.12	79.5	0.965	1	0	1	1	1	0	0	0
20200618	015900	1112	0.00	0.03	0.00	0.03	3	0.94	0.96	2.24	20.23		0	0	11	12	0	37.19	102.86	0.8	0.5	5	0.1	2.5	2.5	0.9	0.99	0.5	0.1	0.9	15	-9	0.12	79.5	0.965	1	0	1	1	1	0	0	0
20200618	020000	1112	0.00	0.02	0.00	0.02	3	0.92	0.96	2.29	1095.76		0	0	11	12	0	37.19	102.86	0.8	0.5	5	0.1	2.5	2.5	0.9	0.99	0.5	0.1	0.9	15	-9	0.12	79.5	0.965	1	0	1	1	1	0	0	0
20200618	020100	1112	0.00	0.04	0.00	0.04	3	0.94	0.98	2.25	9642.92		0	0	11	12	0	37.19	102.86	0.8	0.5	5	0.1	2.5	2.5	0.9	0.99	0.5	0.1	0.9	15	-9	0.12	79.5	0.965	1	0	1	1	1	0	0	0
20200618	020200	1112	0.00	0.05	0.00	0.05	3	0.95	0.96	2.22	970.65		0	0	11	12	0	37.19	102.86	0.8	0.5	5	0.1	2.5	2.5	0.9	0.99	0.5	0.1	0.9	15	-9	0.12	79.5	0.965	1	0	1	1	1	0	0	0
20200618	020300	1112	0.00	0.05	0.00	0.05	3	0.95	0.97	2.21	1236.34		0	0	11	12	0	37.19	102.86	0.8	0.5	5	0.1	2.5	2.5	0.9	0.99	0.5	0.1	0.9	15	-9	0.12	79.5	0.965	1	0	1	1	1	0	0	0
20200618	020400	1112	0.00	0.06	0.00	0.06	3	0.95	0.98	2.20	42.30		0	0	11	12	0	37.19	102.86	0.8	0.5	5	0.1	2.5	2.5	0.9	0.99	0.5	0.1	0.9	15	-9	0.12	79.5	0.965	1	0	1	1	1	0	0	0
20200618	020500	1112	0.00	0.07	0.00	0.07	3	0.95	0.99	2.19	33.57		0	0	11	12	0	37.19	102.86	0.8	0.5	5	0.1	2.5	2.5	0.9	0.99	0.5	0.1	0.9	15	-9	0.12	79.5	0.965	1	0	1	1	1	0	0	0
20200618	020600	1112	0.00	0.06	0.00	0.06	3	0.95	0.96	2.20	10.96		0	0	11	12	0	37.19	102.86	0.8	0.5	5	0.1	2.5	2.5	0.9	0.99	0.5	0.1	0.9	15	-9	0.12	79.5	0.965	1	0	1	1	1	0	0	0
20200618	020700	1112	0.00	0.06	0.00	0.06	3	0.95	0.96	2.21	1228.51		0	0	11	12	0	37.19	102.86	0.8	0.5	5	0.1	2.5	2.5	0.9	0.99	0.5	0.1	0.9	15	-9	0.12	79.5	0.965	1	0	1	1	1	0	0	0
20200618	020800	1112	0.00	0.07	0.00	0.07	3	0.96	0.98	2.17	20.33		0	0	11	12	0	37.19	102.86	0.8	0.5	5	0.1	2.5	2.5	0.9	0.99	0.5	0.1	0.9	15	-9	0.12	79.5	0.965	1	0	1	1	1	0	0	0
20200618	020900	1112	0.00	0.08	0.00	0.08	3	0.97	0.99	2.16	181.28		0	0	11	12	0	37.19	102.86	0.8	0.5	5	0.1	2.5	2.5	0.9	0.99	0.5	0.1	0.9	15	-9	0.12	79.5	0.965	1	0	1	1	1	0	0	0
20200618	021000	1112	0.00	0.07	0.00	0.07	3	0.96	0.96	7354200000.00	1992580000000000.00		0	0	11	12	0	37.19	102.86	0.8	0.5	5	0.1	2.5	2.5	0.9	0.99	0.5	0.1	0.9	15	-9	0.12	79.5	0.965	1	0	1	1	1	0	0	0
20200618	021100	1112	0.00	0.07	0.00	0.07	3	0.96	0.98	4176410000.00	1591630000000000.00		0	0	11	12	0	37.19	102.86	0.8	0.5	5	0.1	2.5	2.5	0.9	0.99	0.5	0.1	0.9	15	-9	0.12	79.5	0.965	1	0	1	1	1	0	0	0
20200618	021200	1112	0.00	0.08	0.00	0.08	3	0.97	0.96	7438520000.00	1998730000000000.00		0	0	11	12	0	37.19	102.86	0.8	0.5	5	0.1	2.5	2.5	0.9	0.99	0.5	0.1	0.9	15	-9	0.12	79.5	0.965	1	0	1	1	1	0	0	0
20200618	021300	1112	0.00	0.09	0.00	0.09	3	0.97	0.98	2.14	974.89		0	0	11	12	0	37.19	102.86	0.8	0.5	5	0.1	2.5	2.5	0.9	0.99	0.5	0.1	0.9	15	-9	0.12	79.5	0.965	1	0	1	1	1	0	0	0
20200618	021400	1112	0.00	0.10	0.00	0.10	3	0.97	0.97	2.14	1087.31		0	0	11	12	0	37.19	102.86	0.8	0.5	5	0.1	2.5	2.5	0.9	0.99	0.5	0.1	0.9	15	-9	0.12	79.5	0.965	1	0	1	1	1	0	0	0
20200618	021500	1112	0.00	0.10	0.00	0.10	3	0.97	0.98	2.15	5732.24		0	0	11	12	0	37.19	102.86	0.8	0.5	5	0.1	2.5	2.5	0.9	0.99	0.5	0.1	0.9	15	-9	0.12	79.5	0.965	1	0	1	1	1	0	0	0
20200618	021600	1112	0.00	0.13	0.00	0.13	3	0.95	0.97	2.14	2234.48		0	0	11	12	0	37.19	102.86	0.8	0.5	5	0.1	2.5	2.5	0.9	0.99	0.5	0.1	0.9	15	-9	0.12	79.5	0.965	1	0	1	1	1	0	0	0
20200618	021700	1112	0.00	0.13	0.00	0.13	3	0.94	0.98	5890540000.00	1212440000000000.00		0	0	11	12	0	37.19	102.86	0.8	0.5	5	0.1	2.5	2.5	0.9	0.99	0.5	0.1	0.9	15	-9	0.12	79.5	0.965	1	0	1	1	1	0	0	0
20200618	021800	1112	0.00	0.14	0.00	0.14	3	0.95	0.98	2.13	2230.54		0	0	11	12	0	37.19	102.86	0.8	0.5	5	0.1	2.5	2.5	0.9	0.99	0.5	0.1	0.9	15	-9	0.12	79.5	0.965	1	0	1	1	1	0	0	0
20200618	021900	1112	0.00	0.14	0.00	0.14	3	0.95	0.97	933125000.00	1066840000000000.00		0	0	11	12	0	37.19	102.86	0.8	0.5	5	0.1	2.5	2.5	0.9	0.99	0.5	0.1	0.9	15	-9	0.12	79.5	0.965	1	0	1	1	1	0	0	0
20200618	022000	1112	0.00	0.13	0.00	0.13	3	0.95	0.98	1195220000.00	1366490000000000.00		0	0	11	12	0	37.19	102.86	0.8	0.5	5	0.1	2.5	2.5	0.9	0.99	0.5	0.1	0.9	15	-9	0.12	79.5	0.965	1	0	1	1	1	0	0	0
20200618	022100	1112	0.00	0.12	0.00	0.12	3	0.95	0.96	2.14	1518.74		0	0	11	12	0	37.19	102.86	0.8	0.5	5	0.1	2.5	2.5	0.9	0.99	0.5	0.1	0.9	15	-9	0.12	79.5	0.965	1	0	1	1	1	0	0	0
20200618	022200	1112	0.00	0.10	0.00	0.10	3	0.96	0.98	2.14	159.13		0	0	11	12	0	37.19	102.86	0.8	0.5	5	0.1	2.5	2.5	0.9	0.99	0.5	0.1	0.9	15	-9	0.12	79.5	0.965	1	0	1	1	1	0	0	0
20200618	022300	1112	0.00	0.08	0.00	0.08	3	0.96	0.99	2.15	2078.29		0	0	11	12	0	37.19	102.86	0.8	0.5	5	0.1	2.5	2.5	0.9	0.99	0.5	0.1	0.9	15	-9	0.12	79.5	0.965	1	0	1	1	1	0	0	0
20200618	022400	1112	0.00	0.06	0.00	0.06	3	0.96	0.98	1384130000.00	1582480000000000.00		0	0	11	12	0	37.19	102.86	0.8	0.5	5	0.1	2.5	2.5	0.9	0.99	0.5	0.1	0.9	15	-9	0.12	79.5	0.965	1	0	1	1	1	0	0	0
20200618	022500	1112	0.00	0.05	0.00	0.05	3	0.96	0.97	16868600000.00	1624030000000000.00		0	0	11	12	0	37.19	102.86	0.8	0.5	5	0.1	2.5	2.5	0.9	0.99	0.5	0.1	0.9	15	-9	0.12	79.5	0.965	1	0	1	1	1	0	0	0
20200618	022600	1112	0.00	0.04	0.00	0.04	3	0.96	0.96	3240690000.00	1511320000000000.00		0	0	11	12	0	37.19	102.86	0.8	0.5	5	0.1	2.5	2.5	0.9	0.99	0.5	0.1	0.9	15	-9	0.12	79.5	0.965	1	0	1	1	1	0	0	0
20200618	022700	1112	0.00	0.04	0.00	0.04	3	0.96	0.98	1441520000.00	1648100000000000.00		0	0	11	12	0	37.19	102.86	0.8	0.5	5	0.1	2.5	2.5	0.9	0.99	0.5	0.1	0.9	15	-9	0.12	79.5	0.965	1	0	1	1	1	0	0	0
20200618	022800	1112	0.00	0.03	0.00	0.03	3	0.96	0.99	2039420000.00	1748750000000000.00		0	0	11	12	0	37.19	102.86	0.8	0.5	5	0.1	2.5	2.5	0.9	0.99	0.5	0.1	0.9	15	-9	0.12	79.5	0.965	1	0	1	1	1	0	0	0
20200618	022900	1112	0.00	0.03	0.00	0.03	3	0.96	0.98	2.16	242.38		0	0	11	12	0	37.19	102.86	0.8	0.5	5	0.1	2.5	2.5	0.9	0.99	0.5	0.1	0.9	15	-9	0.12	79.5	0.965	1	0	1	1	1	0	0	0
20200618	023000	1112	0.00	0.03	0.00	0.03	3	0.96	0.97	2.16	223.28		0	0	11	12	0	37.19	102.86	0.8	0.5	5	0.1	2.5	2.5	0.9	0.99	0.5	0.1	0.9	15	-9	0.12	79.5	0.965	1	0	1	1	1	0	0	0
20200618	023100	1112	0.00	0.04	0.00	0.04	3	0.96	0.98	2.17	1134.94		0	0	11	12	0	37.19	102.86	0.8	0.5	5	0.1	2.5	2.5	0.9	0.99	0.5	0.1	0.9	15	-9	0.12	79.5	0.965	1	0	1	1	1	0	0	0
20200618	023200	1112	0.00	0.04	0.00	0.04	3	0.96	0.98	2.16	720.86		0	0	11	12	0	37.19	102.86	0.8	0.5	5	0.1	2.5	2.5	0.9	0.99	0.5	0.1	0.9	15	-9	0.12	79.5	0.965	1	0	1	1	1	0	0	0
20200618	023300	1112	0.00	0.04	0.00	0.04	3	0.96	0.98	2.16	177.64		0	0	11	12	0	37.19	102.86	0.8	0.5	5	0.1	2.5	2.5	0.9	0.99	0.5	0.1	0.9	15	-9	0.12	79.5	0.965	1	0	1	1	1	0	0	0
20200618	023400	1112	0.00	0.04	0.00	0.04	3	0.96	0.96	2.16	587.49		0	0	11	12	0	37.19	102.86	0.8	0.5	5	0.1	2.5	2.5	0.9	0.99	0.5	0.1	0.9	15	-9	0.12	79.5	0.965	1	0	1	1	1	0	0	0
20200618	023500	1112	0.00	0.03	0.00	0.03	3	0.96	0.96	1383320000.00	1581550000000000.00		0	0	11	12	0	37.19	102.86	0.8	0.5	5	0.1	2.5	2.5	0.9	0.99	0.5	0.1	0.9	15	-9	0.12	79.5	0.965	1	0	1	1	1	0	0	0
20200618	023600	1112	0.00	0.03	0.00	0.03	3	0.97	0.98	350144000.00	1200960000000000.00		0	0	11	12	0	37.19	102.86	0.8	0.5	5	0.1	2.5	2.5	0.9	0.99	0.5	0.1	0.9	15	-9	0.12	79.5	0.965	1	0	1	1	1	0	0	0
20200618	023700	1112	0.00	0.03	0.00	0.03	3	0.97	0.98	1156560000.00	1322300000000000.00		0	0	11	12	0	37.19	102.86	0.8	0.5	5	0.1	2.5	2.5	0.9	0.99	0.5	0.1	0.9	15	-9	0.12	79.5	0.965	1	0	1	1	1	0	0	0
20200618	023800	1112	0.00	0.03	0.00	0.03	3	0.97	0.98	3384920000.00	1829330000000000.00		0	0	11	12	0	37.19	102.86	0.8	0.5	5	0.1	2.5	2.5	0.9	0.99	0.5	0.1	0.9	15	-9	0.12	79.5	0.965	1	0	1	1	1	0	0	0
20200618	023900	1112	0.00	0.03	0.00	0.03	3	0.97	0.98	3833530000.00	1460960000000000.00		0	0	11	12	0	37.19	102.86	0.8	0.5	5	0.1	2.5	2.5	0.9	0.99	0.5	0.1	0.9	15	-9	0.12	79.5	0.965	1	0	1	1	1	0	0	0
20200618	024000	1112	0.00	0.03	0.00	0.03	3	0.97	0.97	6657730000.00	1640640000000000.00		0	0	11	12	0	37.19	102.86	0.8	0.5	5	0.1	2.5	2.5	0.9	0.99	0.5	0.1	0.9	15	-9	0.12	79.5	0.965	1	0	1	1	1	0	0	0
20200618	024100	1112	0.00	0.03	0.00	0.03	3	0.97	0.98	6739780000.00	1729570000000000.00		0	0	11	12	0	37.19	102.86	0.8	0.5	5	0.1	2.5	2.5	0.9	0.99	0.5	0.1	0.9	15	-9	0.12	79.5	0.965	1	0	1	1	1	0	0	0
20200618	024200	1112	0.00	0.03	0.00	0.03	3	0.97	0.98	9192850000.00	2022430000000000.00		0	0	11	12	0	37.19	102.86	0.8	0.5	5	0.1	2.5	2.5	0.9	0.99	0.5	0.1	0.9	15	-9	0.12	79.5	0.965	1	0	1	1	1	0	0	0
20200618	024300	1112	0.00	0.04	0.00	0.04	3	0.97	0.98	3304110000.00	1644110000000000.00		0	0	11	12	0	37.19	102.86	0.8	0.5	5	0.1	2.5	2.5	0.9	0.99	0.5	0.1	0.9	15	-9	0.12	79.5	0.965	1	0	1	1	1	0	0	0
20200618	024400	1112	0.00	0.05	0.00	0.05	3	0.97	0.99	6482260000.00	1742050000000000.00		0	0	11	12	0	37.19	102.86	0.8	0.5	5	0.1	2.5	2.5	0.9	0.99	0.5	0.1	0.9	15	-9	0.12	79.5	0.965	1	0	1	1	1	0	0	0
20200618	024500	1112	0.00	0.05	0.00	0.05	3	0.97	0.97	1496650000.00	1711120000000000.00		0	0	11	12	0	37.19	102.86	0.8	0.5	5	0.1	2.5	2.5	0.9	0.99	0.5	0.1	0.9	15	-9	0.12	79.5	0.965	1	0	1	1	1	0	0	0
20200618	024600	1112	0.00	0.04	0.00	0.04	3	0.96	0.97	1662860000.00	1901150000000000.00		0	0	11	12	0	37.19	102.86	0.8	0.5	5	0.1	2.5	2.5	0.9	0.99	0.5	0.1	0.9	15	-9	0.12	79.5	0.965	1	0	1	1	1	0	0	0
20200618	024700	1112	0.00	0.05	0.00	0.05	3	0.96	0.98	2.12	264.74		0	0	11	12	0	37.19	102.86	0.8	0.5	5	0.1	2.5	2.5	0.9	0.99	0.5	0.1	0.9	15	-9	0.12	79.5	0.965	1	0	1	1	1	0	0	0
20200618	024800	1112	0.00	0.06	0.00	0.06	3	0.96	0.98	2.12	198.41		0	0	11	12	0	37.19	102.86	0.8	0.5	5	0.1	2.5	2.5	0.9	0.99	0.5	0.1	0.9	15	-9	0.12	79.5	0.965	1	0	1	1	1	0	0	0
20200618	024900	1112	0.00	0.07	0.00	0.07	3	0.96	0.97	10327100000.00	1814960000000000.00		0	0	11	12	0	37.19	102.86	0.8	0.5	5	0.1	2.5	2.5	0.9	0.99	0.5	0.1	0.9	15	-9	0.12	79.5	0.965	1	0	1	1	1	0	0	0
20200618	025000	1112	0.00	0.08	0.00	0.08	3	0.96	0.96	2.12	3990.77		0	0	11	12	0	37.19	102.86	0.8	0.5	5	0.1	2.5	2.5	0.9	0.99	0.5	0.1	0.9	15	-9	0.12	79.5	0.965	1	0	1	1	1	0	0	0
20200618	025100	1112	0.00	0.09	0.00	0.09	3	0.96	0.98	1644610000.00	1880280000000000.00		0	0	11	12	0	37.19	102.86	0.8	0.5	5	0.1	2.5	2.5	0.9	0.99	0.5	0.1	0.9	15	-9	0.12	79.5	0.965	1	0	1	1	1	0	0	0
20200618	025300	1112	0.00	0.10	0.00	0.10	3	0.97	0.96	2.09	293.36		0	0	11	12	0	37.19	102.86	0.8	0.5	5	0.1	2.5	2.5	0.9	0.99	0.5	0.1	0.9	15	-9	0.12	79.5	0.965	1	0	1	1	1	0	0	0
20200618	025400	1112	0.00	0.10	0.00	0.10	3	0.97	0.97	10977100000.00	1782490000000000.00		0	0	11	12	0	37.19	102.86	0.8	0.5	5	0.1	2.5	2.5	0.9	0.99	0.5	0.1	0.9	15	-9	0.12	79.5	0.965	1	0	1	1	1	0	0	0
20200618	025500	1112	0.00	0.10	0.00	0.10	3	0.97	0.98	2.10	762.18		0	0	11	12	0	37.19	102.86	0.8	0.5	5	0.1	2.5	2.5	0.9	0.99	0.5	0.1	0.9	15	-9	0.12	79.5	0.965	1	0	1	1	1	0	0	0
20200618	025600	1112	0.00	0.09	0.00	0.09	3	0.97	0.98	1682610000.00	1923730000000000.00		0	0	11	12	0	37.19	102.86	0.8	0.5	5	0.1	2.5	2.5	0.9	0.99	0.5	0.1	0.9	15	-9	0.12	79.5	0.965	1	0	1	1	1	0	0	0
20200618	025700	1112	0.00	0.08	0.00	0.08	3	0.97	0.98	2.10	325.10		0	0	11	12	0	37.19	102.86	0.8	0.5	5	0.1	2.5	2.5	0.9	0.99	0.5	0.1	0.9	15	-9	0.12	79.5	0.965	1	0	1	1	1	0	0	0
20200618	025800	1112	0.00	0.07	0.00	0.07	3	0.96	0.98	3361060000.00	1852350000000000.00		0	0	11	12	0	37.19	102.86	0.8	0.5	5	0.1	2.5	2.5	0.9	0.99	0.5	0.1	0.9	15	-9	0.12	79.5	0.965	1	0	1	1	1	0	0	0
20200618	025900	1112	0.00	0.07	0.00	0.07	3	0.96	0.96	5257730000.00	1958360000000000.00		0	0	11	12	0	37.19	102.86	0.8	0.5	5	0.1	2.5	2.5	0.9	0.99	0.5	0.1	0.9	15	-9	0.12	79.5	0.965	1	0	1	1	1	0	0	0
20200618	030000	1112	0.00	0.07	0.00	0.07	3	0.96	0.98	14837200000.00	1838350000000000.00		0	0	11	12	0	37.19	102.86	0.8	0.5	5	0.1	2.5	2.5	0.9	0.99	0.5	0.1	0.9	15	-9	0.12	79.5	0.965	1	0	1	1	1	0	0	0
20200618	030100	1112	0.00	0.07	0.00	0.07	3	0.95	0.98	2.15	10184.70		0	0	11	12	0	37.19	102.86	0.8	0.5	5	0.1	2.5	2.5	0.9	0.99	0.5	0.1	0.9	15	-9	0.12	79.5	0.965	1	0	1	1	1	0	0	0
20200618	030200	1112	0.00	0.06	0.00	0.06	3	0.95	0.99	19163700000.00	1974810000000000.00		0	0	11	12	0	37.19	102.86	0.8	0.5	5	0.1	2.5	2.5	0.9	0.99	0.5	0.1	0.9	15	-9	0.12	79.5	0.965	1	0	1	1	1	0	0	0
20200618	025200	1112	0.00	0.09	0.00	0.09	3	0.97	0.98	2.10	142.62		0	0	11	12	0	37.19	102.86	0.8	0.5	5	0.1	2.5	2.5	0.9	0.99	0.5	0.1	0.9	15	-9	0.12	79.5	0.965	1	0	1	1	1	0	0	0
20200618	030300	1112	0.00	0.05	0.00	0.05	3	0.95	0.97	2.16	2491.65		0	0	11	12	0	37.19	102.86	0.8	0.5	5	0.1	2.5	2.5	0.9	0.99	0.5	0.1	0.9	15	-9	0.12	79.5	0.965	1	0	1	1	1	0	0	0
20200618	030400	1112	0.00	0.03	0.00	0.03	3	0.94	0.98	2.18	334.52		0	0	11	12	0	37.19	102.86	0.8	0.5	5	0.1	2.5	2.5	0.9	0.99	0.5	0.1	0.9	15	-9	0.12	79.5	0.965	1	0	1	1	1	0	0	0
20200618	030500	1112	0.00	0.03	0.00	0.03	3	0.95	0.95	2042230000.00	1765960000000000.00		0	0	11	12	0	37.19	102.86	0.8	0.5	5	0.1	2.5	2.5	0.9	0.99	0.5	0.1	0.9	15	-9	0.12	79.5	0.965	1	0	1	1	1	0	0	0
20200618	030600	1112	0.00	0.02	0.00	0.02	3	0.94	0.98	2.18	6628.47		0	0	11	12	0	37.19	102.86	0.8	0.5	5	0.1	2.5	2.5	0.9	0.99	0.5	0.1	0.9	15	-9	0.12	79.5	0.965	1	0	1	1	1	0	0	0
20200618	030700	1112	0.00	0.02	0.00	0.02	3	0.94	0.96	2.18	1366.79		0	0	11	12	0	37.19	102.86	0.8	0.5	5	0.1	2.5	2.5	0.9	0.99	0.5	0.1	0.9	15	-9	0.12	79.5	0.965	1	0	1	1	1	0	0	0
20200618	030800	1112	0.00	0.02	0.00	0.02	3	0.94	0.97	2.18	308.23		0	0	11	12	0	37.19	102.86	0.8	0.5	5	0.1	2.5	2.5	0.9	0.99	0.5	0.1	0.9	15	-9	0.12	79.5	0.965	1	0	1	1	1	0	0	0
20200618	030900	1112	0.00	0.02	0.00	0.02	3	0.94	0.97	2.18	765.81		0	0	11	12	0	37.19	102.86	0.8	0.5	5	0.1	2.5	2.5	0.9	0.99	0.5	0.1	0.9	15	-9	0.12	79.5	0.965	1	0	1	1	1	0	0	0
20200618	031000	1112	0.00	0.02	0.00	0.02	3	0.94	0.97	10837100000.00	2065820000000000.00		0	0	11	12	0	37.19	102.86	0.8	0.5	5	0.1	2.5	2.5	0.9	0.99	0.5	0.1	0.9	15	-9	0.12	79.5	0.965	1	0	1	1	1	0	0	0
20200618	031100	1112	0.00	0.02	0.00	0.02	3	0.94	0.98	2.18	138.10		0	0	11	12	0	37.19	102.86	0.8	0.5	5	0.1	2.5	2.5	0.9	0.99	0.5	0.1	0.9	15	-9	0.12	79.5	0.965	1	0	1	1	1	0	0	0
20200618	031200	1112	0.00	0.01	0.00	0.01	3	0.94	0.97	1568730000.00	1793530000000000.00		0	0	11	12	0	37.19	102.86	0.8	0.5	5	0.1	2.5	2.5	0.9	0.99	0.5	0.1	0.9	15	-9	0.12	79.5	0.965	1	0	1	1	1	0	0	0
20200618	031300	1112	0.00	0.01	0.00	0.01	3	0.93	0.98	3760920000.00	1897830000000000.00		0	0	11	12	0	37.19	102.86	0.8	0.5	5	0.1	2.5	2.5	0.9	0.99	0.5	0.1	0.9	15	-9	0.12	79.5	0.965	1	0	1	1	1	0	0	0
20200618	031400	1112	0.00	0.01	0.00	0.01	3	0.94	0.97	2.21	13354.80		0	0	11	12	0	37.19	102.86	0.8	0.5	5	0.1	2.5	2.5	0.9	0.99	0.5	0.1	0.9	15	-9	0.12	79.5	0.965	1	0	1	1	1	0	0	0
20200618	031500	1112	0.00	0.01	0.00	0.01	3	0.93	0.99	1458140000.00	1667090000000000.00		0	0	11	12	0	37.19	102.86	0.8	0.5	5	0.1	2.5	2.5	0.9	0.99	0.5	0.1	0.9	15	-9	0.12	79.5	0.965	1	0	1	1	1	0	0	0
20200618	031600	1112	0.00	0.03	0.00	0.03	3	0.99	0.98	8262410000.00	1875750000000000.00		0	0	11	12	0	37.19	102.86	0.8	0.5	5	0.1	2.5	2.5	0.9	0.99	0.5	0.1	0.9	15	-9	0.12	79.5	0.965	1	0	1	1	1	0	0	0
20200618	031700	1112	0.00	0.01	0.00	0.01	3	0.89	0.96	2.19	276.47		0	0	11	12	0	37.19	102.86	0.8	0.5	5	0.1	2.5	2.5	0.9	0.99	0.5	0.1	0.9	15	-9	0.12	79.5	0.965	1	0	1	1	1	0	0	0
20200618	031800	1112	0.00	0.03	0.00	0.03	3	0.99	0.96	543699000.00	1864830000000000.00		0	0	11	12	0	37.19	102.86	0.8	0.5	5	0.1	2.5	2.5	0.9	0.99	0.5	0.1	0.9	15	-9	0.12	79.5	0.965	1	0	1	1	1	0	0	0
20200618	032000	1112	0.00	0.01	0.00	0.01	3	0.89	0.98	2.20	4139.27		0	0	11	12	0	37.19	102.86	0.8	0.5	5	0.1	2.5	2.5	0.9	0.99	0.5	0.1	0.9	15	-9	0.12	79.5	0.965	1	0	1	1	1	0	0	0
20200618	032100	1112	0.00	0.01	0.00	0.01	3	0.89	0.98	2.19	2252.90		0	0	11	12	0	37.19	102.86	0.8	0.5	5	0.1	2.5	2.5	0.9	0.99	0.5	0.1	0.9	15	-9	0.12	79.5	0.965	1	0	1	1	1	0	0	0
20200618	032200	1112	0.00	0.01	0.00	0.01	3	0.89	0.97	2.19	2260.75		0	0	11	12	0	37.19	102.86	0.8	0.5	5	0.1	2.5	2.5	0.9	0.99	0.5	0.1	0.9	15	-9	0.12	79.5	0.965	1	0	1	1	1	0	0	0
20200618	032300	1112	0.00	0.01	0.00	0.01	3	0.90	0.98	2.17	664.92		0	0	11	12	0	37.19	102.86	0.8	0.5	5	0.1	2.5	2.5	0.9	0.99	0.5	0.1	0.9	15	-9	0.12	79.5	0.965	1	0	1	1	1	0	0	0
20200618	032400	1112	0.00	0.01	0.00	0.01	3	0.90	0.98	1621170000.00	1853480000000000.00		0	0	11	12	0	37.19	102.86	0.8	0.5	5	0.1	2.5	2.5	0.9	0.99	0.5	0.1	0.9	15	-9	0.12	79.5	0.965	1	0	1	1	1	0	0	0
20200618	032500	1112	0.00	0.01	0.00	0.01	3	0.90	0.98	9515380000.00	2111980000000000.00		0	0	11	12	0	37.19	102.86	0.8	0.5	5	0.1	2.5	2.5	0.9	0.99	0.5	0.1	0.9	15	-9	0.12	79.5	0.965	1	0	1	1	1	0	0	0
20200618	032600	1112	0.00	0.01	0.00	0.01	3	0.90	0.98	2.16	161.15		0	0	11	12	0	37.19	102.86	0.8	0.5	5	0.1	2.5	2.5	0.9	0.99	0.5	0.1	0.9	15	-9	0.12	79.5	0.965	1	0	1	1	1	0	0	0
20200618	032700	1112	0.00	0.01	0.00	0.01	3	0.91	0.97	16487500000.00	2087610000000000.00		0	0	11	12	0	37.19	102.86	0.8	0.5	5	0.1	2.5	2.5	0.9	0.99	0.5	0.1	0.9	15	-9	0.12	79.5	0.965	1	0	1	1	1	0	0	0
20200618	032800	1112	0.00	0.01	0.00	0.01	3	0.91	0.96	22533800000.00	2021700000000000.00		0	0	11	12	0	37.19	102.86	0.8	0.5	5	0.1	2.5	2.5	0.9	0.99	0.5	0.1	0.9	15	-9	0.12	79.5	0.965	1	0	1	1	1	0	0	0
20200618	032900	1112	0.00	0.01	0.00	0.01	3	0.91	0.96	23644500000.00	1918520000000000.00		0	0	11	12	0	37.19	102.86	0.8	0.5	5	0.1	2.5	2.5	0.9	0.99	0.5	0.1	0.9	15	-9	0.12	79.5	0.965	1	0	1	1	1	0	0	0
20200618	031900	1112	0.00	0.01	0.00	0.01	3	0.89	0.98	2.19	212.69		0	0	11	12	0	37.19	102.86	0.8	0.5	5	0.1	2.5	2.5	0.9	0.99	0.5	0.1	0.9	15	-9	0.12	79.5	0.965	1	0	1	1	1	0	0	0
20200618	033000	1112	0.00	0.02	0.00	0.02	3	0.92	0.97	10410000000.00	1928060000000000.00		0	0	11	12	0	37.19	102.86	0.8	0.5	5	0.1	2.5	2.5	0.9	0.99	0.5	0.1	0.9	15	-9	0.12	79.5	0.965	1	0	1	1	1	0	0	0
20200618	033100	1112	0.00	0.02	0.00	0.02	3	0.92	0.98	25469100000.00	1940090000000000.00		0	0	11	12	0	37.19	102.86	0.8	0.5	5	0.1	2.5	2.5	0.9	0.99	0.5	0.1	0.9	15	-9	0.12	79.5	0.965	1	0	1	1	1	0	0	0
20200618	033200	1112	0.00	0.02	0.00	0.02	3	0.92	0.96	27543400000.00	1926260000000000.00		0	0	11	12	0	37.19	102.86	0.8	0.5	5	0.1	2.5	2.5	0.9	0.99	0.5	0.1	0.9	15	-9	0.12	79.5	0.965	1	0	1	1	1	0	0	0
20200618	033300	1112	0.00	0.03	0.00	0.03	3	0.92	0.96	33283700000.00	1954810000000000.00		0	0	11	12	0	37.19	102.86	0.8	0.5	5	0.1	2.5	2.5	0.9	0.99	0.5	0.1	0.9	15	-9	0.12	79.5	0.965	1	0	1	1	1	0	0	0
20200618	033400	1112	0.00	0.03	0.00	0.03	3	0.93	0.96	27620900000.00	1871330000000000.00		0	0	11	12	0	37.19	102.86	0.8	0.5	5	0.1	2.5	2.5	0.9	0.99	0.5	0.1	0.9	15	-9	0.12	79.5	0.965	1	0	1	1	1	0	0	0
20200618	033500	1112	0.00	0.03	0.00	0.03	3	0.93	0.99	27608400000.00	1924760000000000.00		0	0	11	12	0	37.19	102.86	0.8	0.5	5	0.1	2.5	2.5	0.9	0.99	0.5	0.1	0.9	15	-9	0.12	79.5	0.965	1	0	1	1	1	0	0	0
20200618	033600	1112	0.00	0.03	0.00	0.03	3	0.93	0.99	25868500000.00	1786850000000000.00		0	0	11	12	0	37.19	102.86	0.8	0.5	5	0.1	2.5	2.5	0.9	0.99	0.5	0.1	0.9	15	-9	0.12	79.5	0.965	1	0	1	1	1	0	0	0
20200618	033700	1112	0.00	0.03	0.00	0.03	3	0.93	0.98	28658100000.00	1824060000000000.00		0	0	11	12	0	37.19	102.86	0.8	0.5	5	0.1	2.5	2.5	0.9	0.99	0.5	0.1	0.9	15	-9	0.12	79.5	0.965	1	0	1	1	1	0	0	0
20200618	033800	1112	0.00	0.03	0.00	0.03	3	0.93	0.97	30497500000.00	1832790000000000.00		0	0	11	12	0	37.19	102.86	0.8	0.5	5	0.1	2.5	2.5	0.9	0.99	0.5	0.1	0.9	15	-9	0.12	79.5	0.965	1	0	1	1	1	0	0	0
20200618	033900	1112	0.00	0.02	0.00	0.02	3	0.93	0.98	33740900000.00	1876090000000000.00		0	0	11	12	0	37.19	102.86	0.8	0.5	5	0.1	2.5	2.5	0.9	0.99	0.5	0.1	0.9	15	-9	0.12	79.5	0.965	1	0	1	1	1	0	0	0
20200618	034000	1112	0.00	0.02	0.00	0.02	3	0.92	0.97	26591200000.00	1851200000000000.00		0	0	11	12	0	37.19	102.86	0.8	0.5	5	0.1	2.5	2.5	0.9	0.99	0.5	0.1	0.9	15	-9	0.12	79.5	0.965	1	0	1	1	1	0	0	0
20200618	034100	1112	0.00	0.02	0.00	0.02	3	0.92	0.98	13965400000.00	1883290000000000.00		0	0	11	12	0	37.19	102.86	0.8	0.5	5	0.1	2.5	2.5	0.9	0.99	0.5	0.1	0.9	15	-9	0.12	79.5	0.965	1	0	1	1	1	0	0	0
20200618	034200	1112	0.00	0.02	0.00	0.02	3	0.92	0.98	12475700000.00	2001030000000000.00		0	0	11	12	0	37.19	102.86	0.8	0.5	5	0.1	2.5	2.5	0.9	0.99	0.5	0.1	0.9	15	-9	0.12	79.5	0.965	1	0	1	1	1	0	0	0
20200618	034300	1112	0.00	0.02	0.00	0.02	3	0.92	0.97	11434000000.00	2010650000000000.00		0	0	11	12	0	37.19	102.86	0.8	0.5	5	0.1	2.5	2.5	0.9	0.99	0.5	0.1	0.9	15	-9	0.12	79.5	0.965	1	0	1	1	1	0	0	0
20200618	034400	1112	0.00	0.02	0.00	0.02	3	0.92	0.99	17820700000.00	2002980000000000.00		0	0	11	12	0	37.19	102.86	0.8	0.5	5	0.1	2.5	2.5	0.9	0.99	0.5	0.1	0.9	15	-9	0.12	79.5	0.965	1	0	1	1	1	0	0	0
20200618	034500	1112	0.00	0.02	0.00	0.02	3	0.92	0.95	1696580000.00	1939710000000000.00		0	0	11	12	0	37.19	102.86	0.8	0.5	5	0.1	2.5	2.5	0.9	0.99	0.5	0.1	0.9	15	-9	0.12	79.5	0.965	1	0	1	1	1	0	0	0
20200618	034600	1112	0.00	0.02	0.00	0.02	3	0.92	0.81	24375400000.00	2039150000000000.00		0	0	11	12	0	37.19	102.86	0.8	0.5	5	0.1	2.5	2.5	0.9	0.99	0.5	0.1	0.9	15	-9	0.12	79.5	0.965	1	0	1	1	1	0	0	0
20200618	034700	1112	0.00	0.01	0.00	0.01	3	0.92	0.77	13485700000.00	1855420000000000.00		0	0	11	12	0	37.19	102.86	0.8	0.5	5	0.1	2.5	2.5	0.9	0.99	0.5	0.1	0.9	15	-9	0.12	79.5	0.965	1	0	1	1	1	0	0	0
20200618	034800	1112	0.00	0.01	0.00	0.01	3	0.91	0.75	8503360000.00	2039920000000000.00		0	0	11	12	0	37.19	102.86	0.8	0.5	5	0.1	2.5	2.5	0.9	0.99	0.5	0.1	0.9	15	-9	0.12	79.5	0.965	1	0	1	1	1	0	0	0
20200618	034900	1112	0.00	0.02	0.01	0.01	3	0.91	0.76	8227970000.00	1896710000000000.00		0	0	11	12	0	37.19	102.86	0.8	0.5	5	0.1	2.5	2.5	0.9	0.99	0.5	0.1	0.9	15	-9	0.12	79.5	0.965	1	0	1	1	1	0	0	0
20200618	035000	1112	0.00	0.02	0.01	0.01	3	0.91	0.73	5202590000.00	1920310000000000.00		0	0	11	12	0	37.19	102.86	0.8	0.5	5	0.1	2.5	2.5	0.9	0.99	0.5	0.1	0.9	15	-9	0.12	79.5	0.965	1	0	1	1	1	0	0	0
20200618	035100	1112	0.00	0.02	0.01	0.01	3	0.91	0.73	25498000000.00	1940670000000000.00		0	0	11	12	0	37.19	102.86	0.8	0.5	5	0.1	2.5	2.5	0.9	0.99	0.5	0.1	0.9	15	-9	0.12	79.5	0.965	1	0	1	1	1	0	0	0
20200618	035200	1112	0.00	0.02	0.01	0.01	3	0.91	0.72	5797120000.00	1848590000000000.00		0	0	11	12	0	37.19	102.86	0.8	0.5	5	0.1	2.5	2.5	0.9	0.99	0.5	0.1	0.9	15	-9	0.12	79.5	0.965	1	0	1	1	1	0	0	0
20200618	230100	1112	-2	-2	-2	-2	9	-2.00	1.00	35922200000.00	814202000000000.00		0	0	11	12	0	37.19	102.86	0.8	0.5	5	0.1	2.5	2.5	0.9	0.99	0.5	0.1	0.9	15	-9	0.12	79.5	0.965	1	0	1	1	1	0	0	0
20200618	230200	1112	-2	-2	-2	-2	9	-2.00	1.00	23671900000.00	930657000000000.00		0	0	11	12	0	37.19	102.86	0.8	0.5	5	0.1	2.5	2.5	0.9	0.99	0.5	0.1	0.9	15	-9	0.12	79.5	0.965	1	0	1	1	1	0	0	0
20200618	230300	1112	-2	-2	-2	-2	9	-2.00	1.00	23487200000.00	802887000000000.00		0	0	11	12	0	37.19	102.86	0.8	0.5	5	0.1	2.5	2.5	0.9	0.99	0.5	0.1	0.9	15	-9	0.12	79.5	0.965	1	0	1	1	1	0	0	0
20200618	230400	1112	-2	-2	-2	-2	9	-2.00	1.00	45177800000.00	904586000000000.00		0	0	11	12	0	37.19	102.86	0.8	0.5	5	0.1	2.5	2.5	0.9	0.99	0.5	0.1	0.9	15	-9	0.12	79.5	0.965	1	0	1	1	1	0	0	0
20200618	230500	1112	-2	-2	-2	-2	9	-2.00	1.00	45560800000.00	765735000000000.00		0	0	11	12	0	37.19	102.86	0.8	0.5	5	0.1	2.5	2.5	0.9	0.99	0.5	0.1	0.9	15	-9	0.12	79.5	0.965	1	0	1	1	1	0	0	0
20200618	230600	1112	-2	-2	-2	-2	9	-2.00	1.00	40228000000.00	869465000000000.00		0	0	11	12	0	37.19	102.86	0.8	0.5	5	0.1	2.5	2.5	0.9	0.99	0.5	0.1	0.9	15	-9	0.12	79.5	0.965	1	0	1	1	1	0	0	0
20200618	230700	1112	-2	-2	-2	-2	9	-2.00	1.00	34398200000.00	819037000000000.00		0	0	11	12	0	37.19	102.86	0.8	0.5	5	0.1	2.5	2.5	0.9	0.99	0.5	0.1	0.9	15	-9	0.12	79.5	0.965	1	0	1	1	1	0	0	0
20200618	230800	1112	-2	-2	-2	-2	9	-2.00	1.00	34631500000.00	833244000000000.00		0	0	11	12	0	37.19	102.86	0.8	0.5	5	0.1	2.5	2.5	0.9	0.99	0.5	0.1	0.9	15	-9	0.12	79.5	0.965	1	0	1	1	1	0	0	0
20200618	230900	1112	-2	-2	-2	-2	9	-2.00	1.00	49856100000.00	871954000000000.00		0	0	11	12	0	37.19	102.86	0.8	0.5	5	0.1	2.5	2.5	0.9	0.99	0.5	0.1	0.9	15	-9	0.12	79.5	0.965	1	0	1	1	1	0	0	0
20200618	231000	1112	-2	-2	-2	-2	9	-2.00	1.00	40964100000.00	884743000000000.00		0	0	11	12	0	37.19	102.86	0.8	0.5	5	0.1	2.5	2.5	0.9	0.99	0.5	0.1	0.9	15	-9	0.12	79.5	0.965	1	0	1	1	1	0	0	0
20200618	231100	1112	-2	-2	-2	-2	9	-2.00	1.00	46953400000.00	978889000000000.00		0	0	11	12	0	37.19	102.86	0.8	0.5	5	0.1	2.5	2.5	0.9	0.99	0.5	0.1	0.9	15	-9	0.12	79.5	0.965	1	0	1	1	1	0	0	0
20200618	231200	1112	-2	-2	-2	-2	9	-2.00	1.00	57673400000.00	918483000000000.00		0	0	11	12	0	37.19	102.86	0.8	0.5	5	0.1	2.5	2.5	0.9	0.99	0.5	0.1	0.9	15	-9	0.12	79.5	0.965	1	0	1	1	1	0	0	0
20200618	231300	1112	-2	-2	-2	-2	9	-2.00	1.00	58187100000.00	866300000000000.00		0	0	11	12	0	37.19	102.86	0.8	0.5	5	0.1	2.5	2.5	0.9	0.99	0.5	0.1	0.9	15	-9	0.12	79.5	0.965	1	0	1	1	1	0	0	0
20200618	231400	1112	-2	-2	-2	-2	9	-2.00	1.00	63493100000.00	966878000000000.00		0	0	11	12	0	37.19	102.86	0.8	0.5	5	0.1	2.5	2.5	0.9	0.99	0.5	0.1	0.9	15	-9	0.12	79.5	0.965	1	0	1	1	1	0	0	0
20200618	231500	1112	-2	-2	-2	-2	9	-2.00	1.00	74271900000.00	963037000000000.00		0	0	11	12	0	37.19	102.86	0.8	0.5	5	0.1	2.5	2.5	0.9	0.99	0.5	0.1	0.9	15	-9	0.12	79.5	0.965	1	0	1	1	1	0	0	0
20200618	231600	1112	-2	-2	-2	-2	9	-2.00	1.00	65169700000.00	1129640000000000.00		0	0	11	12	0	37.19	102.86	0.8	0.5	5	0.1	2.5	2.5	0.9	0.99	0.5	0.1	0.9	15	-9	0.12	79.5	0.965	1	0	1	1	1	0	0	0
20200618	231700	1112	-2	-2	-2	-2	9	-2.00	1.00	44024400000.00	944112000000000.00		0	0	11	12	0	37.19	102.86	0.8	0.5	5	0.1	2.5	2.5	0.9	0.99	0.5	0.1	0.9	15	-9	0.12	79.5	0.965	1	0	1	1	1	0	0	0
20200618	231800	1112	-2	-2	-2	-2	9	-2.00	1.00	51718500000.00	995192000000000.00		0	0	11	12	0	37.19	102.86	0.8	0.5	5	0.1	2.5	2.5	0.9	0.99	0.5	0.1	0.9	15	-9	0.12	79.5	0.965	1	0	1	1	1	0	0	0
20200618	231900	1112	-2	-2	-2	-2	9	-2.00	1.00	57366200000.00	1080440000000000.00		0	0	11	12	0	37.19	102.86	0.8	0.5	5	0.1	2.5	2.5	0.9	0.99	0.5	0.1	0.9	15	-9	0.12	79.5	0.965	1	0	1	1	1	0	0	0
20200618	232000	1112	-2	-2	-2	-2	9	-2.00	1.00	68271300000.00	1126390000000000.00		0	0	11	12	0	37.19	102.86	0.8	0.5	5	0.1	2.5	2.5	0.9	0.99	0.5	0.1	0.9	15	-9	0.12	79.5	0.965	1	0	1	1	1	0	0	0
20200618	232100	1112	-2	-2	-2	-2	9	-2.00	1.00	63448900000.00	959032000000000.00		0	0	11	12	0	37.19	102.86	0.8	0.5	5	0.1	2.5	2.5	0.9	0.99	0.5	0.1	0.9	15	-9	0.12	79.5	0.965	1	0	1	1	1	0	0	0
20200618	232200	1112	-2	-2	-2	-2	9	-2.00	1.00	72255400000.00	927790000000000.00		0	0	11	12	0	37.19	102.86	0.8	0.5	5	0.1	2.5	2.5	0.9	0.99	0.5	0.1	0.9	15	-9	0.12	79.5	0.965	1	0	1	1	1	0	0	0
20200618	232300	1112	-2	-2	-2	-2	9	-2.00	1.00	67604500000.00	976728000000000.00		0	0	11	12	0	37.19	102.86	0.8	0.5	5	0.1	2.5	2.5	0.9	0.99	0.5	0.1	0.9	15	-9	0.12	79.5	0.965	1	0	1	1	1	0	0	0
20200618	232400	1112	-2	-2	-2	-2	9	-2.00	1.00	61343000000.00	954543000000000.00		0	0	11	12	0	37.19	102.86	0.8	0.5	5	0.1	2.5	2.5	0.9	0.99	0.5	0.1	0.9	15	-9	0.12	79.5	0.965	1	0	1	1	1	0	0	0
20200618	232500	1112	-2	-2	-2	-2	9	-2.00	1.00	63049000000.00	1059690000000000.00		0	0	11	12	0	37.19	102.86	0.8	0.5	5	0.1	2.5	2.5	0.9	0.99	0.5	0.1	0.9	15	-9	0.12	79.5	0.965	1	0	1	1	1	0	0	0
20200618	232600	1112	-2	-2	-2	-2	9	-2.00	1.00	84905500000.00	1174440000000000.00		0	0	11	12	0	37.19	102.86	0.8	0.5	5	0.1	2.5	2.5	0.9	0.99	0.5	0.1	0.9	15	-9	0.12	79.5	0.965	1	0	1	1	1	0	0	0
20200618	232700	1112	-2	-2	-2	-2	9	-2.00	1.00	73949100000.00	1203360000000000.00		0	0	11	12	0	37.19	102.86	0.8	0.5	5	0.1	2.5	2.5	0.9	0.99	0.5	0.1	0.9	15	-9	0.12	79.5	0.965	1	0	1	1	1	0	0	0
20200618	232800	1112	-2	-2	-2	-2	9	-2.00	1.00	80629300000.00	1138620000000000.00		0	0	11	12	0	37.19	102.86	0.8	0.5	5	0.1	2.5	2.5	0.9	0.99	0.5	0.1	0.9	15	-9	0.12	79.5	0.965	1	0	1	1	1	0	0	0
20200618	232900	1112	-2	-2	-2	-2	9	-2.00	1.00	58201800000.00	1131360000000000.00		0	0	11	12	0	37.19	102.86	0.8	0.5	5	0.1	2.5	2.5	0.9	0.99	0.5	0.1	0.9	15	-9	0.12	79.5	0.965	1	0	1	1	1	0	0	0
20200618	233000	1112	-2	-2	-2	-2	9	-2.00	1.00	65472500000.00	1128910000000000.00		0	0	11	12	0	37.19	102.86	0.8	0.5	5	0.1	2.5	2.5	0.9	0.99	0.5	0.1	0.9	15	-9	0.12	79.5	0.965	1	0	1	1	1	0	0	0
20200618	233100	1112	-2	-2	-2	-2	9	-2.00	1.00	57043500000.00	1018570000000000.00		0	0	11	12	0	37.19	102.86	0.8	0.5	5	0.1	2.5	2.5	0.9	0.99	0.5	0.1	0.9	15	-9	0.12	79.5	0.965	1	0	1	1	1	0	0	0
20200618	233200	1112	-2	-2	-2	-2	9	-2.00	1.00	53434900000.00	1015500000000000.00		0	0	11	12	0	37.19	102.86	0.8	0.5	5	0.1	2.5	2.5	0.9	0.99	0.5	0.1	0.9	15	-9	0.12	79.5	0.965	1	0	1	1	1	0	0	0
20200618	233300	1112	-2	-2	-2	-2	9	-2.00	1.00	52702700000.00	1053130000000000.00		0	0	11	12	0	37.19	102.86	0.8	0.5	5	0.1	2.5	2.5	0.9	0.99	0.5	0.1	0.9	15	-9	0.12	79.5	0.965	1	0	1	1	1	0	0	0
20200618	233400	1112	-2	-2	-2	-2	9	-2.00	1.00	66069500000.00	1054120000000000.00		0	0	11	12	0	37.19	102.86	0.8	0.5	5	0.1	2.5	2.5	0.9	0.99	0.5	0.1	0.9	15	-9	0.12	79.5	0.965	1	0	1	1	1	0	0	0
20200618	233500	1112	-2	-2	-2	-2	9	-2.00	1.00	50130400000.00	981637000000000.00		0	0	11	12	0	37.19	102.86	0.8	0.5	5	0.1	2.5	2.5	0.9	0.99	0.5	0.1	0.9	15	-9	0.12	79.5	0.965	1	0	1	1	1	0	0	0
20200618	233600	1112	-2	-2	-2	-2	9	-2.00	1.00	46771300000.00	916525000000000.00		0	0	11	12	0	37.19	102.86	0.8	0.5	5	0.1	2.5	2.5	0.9	0.99	0.5	0.1	0.9	15	-9	0.12	79.5	0.965	1	0	1	1	1	0	0	0
20200618	233700	1112	-2	-2	-2	-2	9	-2.00	1.00	46624300000.00	859100000000000.00		0	0	11	12	0	37.19	102.86	0.8	0.5	5	0.1	2.5	2.5	0.9	0.99	0.5	0.1	0.9	15	-9	0.12	79.5	0.965	1	0	1	1	1	0	0	0
20200618	233800	1112	-2	-2	-2	-2	9	-2.00	1.00	39737200000.00	882810000000000.00		0	0	11	12	0	37.19	102.86	0.8	0.5	5	0.1	2.5	2.5	0.9	0.99	0.5	0.1	0.9	15	-9	0.12	79.5	0.965	1	0	1	1	1	0	0	0
20200618	233900	1112	-2	-2	-2	-2	9	-2.00	1.00	40572800000.00	807204000000000.00		0	0	11	12	0	37.19	102.86	0.8	0.5	5	0.1	2.5	2.5	0.9	0.99	0.5	0.1	0.9	15	-9	0.12	79.5	0.965	1	0	1	1	1	0	0	0
20200618	234000	1112	-2	-2	-2	-2	9	-2.00	1.00	29820700000.00	869224000000000.00		0	0	11	12	0	37.19	102.86	0.8	0.5	5	0.1	2.5	2.5	0.9	0.99	0.5	0.1	0.9	15	-9	0.12	79.5	0.965	1	0	1	1	1	0	0	0
20200618	234100	1112	0.14	0.73	0.01	0.72	3	1.14	0.89	30396300000.00	843299000000000.00		0	0	11	12	0	37.19	102.86	0.8	0.5	5	0.1	2.5	2.5	0.9	0.99	0.5	0.1	0.9	15	-9	0.12	79.5	0.965	1	0	1	1	1	0	0	0
20200618	234200	1112	0.15	0.87	0.01	0.86	3	1.10	0.92	25958500000.00	772430000000000.00		0	0	11	12	0	37.19	102.86	0.8	0.5	5	0.1	2.5	2.5	0.9	0.99	0.5	0.1	0.9	15	-9	0.12	79.5	0.965	1	0	1	1	1	0	0	0
20200618	234300	1112	0.15	0.87	0.01	0.86	5	1.08	0.85	8649150000.00	778640000000000.00		0	0	11	12	0	37.19	102.86	0.8	0.5	5	0.1	2.5	2.5	0.9	0.99	0.5	0.1	0.9	15	-9	0.12	79.5	0.965	1	0	1	1	1	0	0	0
20200618	234400	1112	0.16	0.87	0.01	0.86	5	1.07	0.87	4381610000.00	745340000000000.00		0	0	11	12	0	37.19	102.86	0.8	0.5	5	0.1	2.5	2.5	0.9	0.99	0.5	0.1	0.9	15	-9	0.12	79.5	0.965	1	0	1	1	1	0	0	0
20200618	234500	1112	0.14	0.88	0.01	0.87	1	1.09	0.95	1.43	10.77		0	0	11	12	0	37.19	102.86	0.8	0.5	5	0.1	2.5	2.5	0.9	0.99	0.5	0.1	0.9	15	-9	0.12	79.5	0.965	1	0	1	1	1	0	0	0
20200618	234600	1112	0.18	0.87	0.01	0.86	5	1.02	0.83	5012140000.00	1143050000000000.00		0	0	11	12	0	37.19	102.86	0.8	0.5	5	0.1	2.5	2.5	0.9	0.99	0.5	0.1	0.9	15	-9	0.12	79.5	0.965	1	0	1	1	1	0	0	0
20200618	234700	1112	0.18	0.86	0.01	0.85	5	1.01	0.89	11843400000.00	1201330000000000.00		0	0	11	12	0	37.19	102.86	0.8	0.5	5	0.1	2.5	2.5	0.9	0.99	0.5	0.1	0.9	15	-9	0.12	79.5	0.965	1	0	1	1	1	0	0	0
20200618	234800	1112	0.17	0.85	0.01	0.84	0	1.01	0.93	29944900000.00	1197460000000000.00		0	0	11	12	0	37.19	102.86	0.8	0.5	5	0.1	2.5	2.5	0.9	0.99	0.5	0.1	0.9	15	-9	0.12	79.5	0.965	1	0	1	1	1	0	0	0
20200618	234900	1112	0.17	0.86	0.01	0.85	5	1.01	0.86	51828200000.00	1322130000000000.00		0	0	11	12	0	37.19	102.86	0.8	0.5	5	0.1	2.5	2.5	0.9	0.99	0.5	0.1	0.9	15	-9	0.12	79.5	0.965	1	0	1	1	1	0	0	0
20200618	235000	1112	0.18	0.86	0.01	0.85	5	1.03	0.93	38369400000.00	1280000000000000.00		0	0	11	12	0	37.19	102.86	0.8	0.5	5	0.1	2.5	2.5	0.9	0.99	0.5	0.1	0.9	15	-9	0.12	79.5	0.965	1	0	1	1	1	0	0	0
20200618	235100	1112	0.19	0.86	0.01	0.85	5	1.05	0.92	29451300000.00	1358460000000000.00		0	0	11	12	0	37.19	102.86	0.8	0.5	5	0.1	2.5	2.5	0.9	0.99	0.5	0.1	0.9	15	-9	0.12	79.5	0.965	1	0	1	1	1	0	0	0
20200618	235200	1112	0.19	0.85	0.01	0.84	5	1.07	0.97	37888100000.00	1336850000000000.00		0	0	11	12	0	37.19	102.86	0.8	0.5	5	0.1	2.5	2.5	0.9	0.99	0.5	0.1	0.9	15	-9	0.12	79.5	0.965	1	0	1	1	1	0	0	0
20200618	235300	1112	0.19	0.85	0.01	0.84	0	1.11	0.96	52725900000.00	1610350000000000.00		0	0	11	12	0	37.19	102.86	0.8	0.5	5	0.1	2.5	2.5	0.9	0.99	0.5	0.1	0.9	15	-9	0.12	79.5	0.965	1	0	1	1	1	0	0	0
20200618	235400	1112	0.18	0.78	0.01	0.77	0	1.13	0.90	62328300000.00	1440370000000000.00		0	0	11	12	0	37.19	102.86	0.8	0.5	5	0.1	2.5	2.5	0.9	0.99	0.5	0.1	0.9	15	-9	0.12	79.5	0.965	1	0	1	1	1	0	0	0
20200618	235500	1112	0.19	0.86	0.01	0.85	0	1.11	0.93	65616100000.00	1577500000000000.00		0	0	11	12	0	37.19	102.86	0.8	0.5	5	0.1	2.5	2.5	0.9	0.99	0.5	0.1	0.9	15	-9	0.12	79.5	0.965	1	0	1	1	1	0	0	0
20200618	235600	1112	0.19	0.86	0.01	0.85	0	1.10	0.99	63650700000.00	1506130000000000.00		0	0	11	12	0	37.19	102.86	0.8	0.5	5	0.1	2.5	2.5	0.9	0.99	0.5	0.1	0.9	15	-9	0.12	79.5	0.965	1	0	1	1	1	0	0	0
20200618	235700	1112	0.19	0.87	0.02	0.85	0	1.08	0.97	49686100000.00	1299510000000000.00		0	0	11	12	0	37.19	102.86	0.8	0.5	5	0.1	2.5	2.5	0.9	0.99	0.5	0.1	0.9	15	-9	0.12	79.5	0.965	1	0	1	1	1	0	0	0
20200618	235800	1112	0.20	0.88	0.02	0.86	0	1.08	0.98	28379900000.00	1132030000000000.00		0	0	11	12	0	37.19	102.86	0.8	0.5	5	0.1	2.5	2.5	0.9	0.99	0.5	0.1	0.9	15	-9	0.12	79.5	0.965	1	0	1	1	1	0	0	0
20200618	235900	1112	0.20	0.89	0.02	0.87	0	1.10	0.97	27008100000.00	964652000000000.00		0	0	11	12	0	37.19	102.86	0.8	0.5	5	0.1	2.5	2.5	0.9	0.99	0.5	0.1	0.9	15	-9	0.12	79.5	0.965	1	0	1	1	1	0	0	0
