%[yyyymmdd]	[HHMMSS]	 Relative Cloudiness
%date	time	Ext	BRBG	CDOC	thick	thin	sun	hcf	BRmin	BRmid	Brmax	center_x	center_y	ext_ne	ext_ue	imagesize	latitude	longitude	level_brightpix	level_circle_ratio	level_bright_ratio	level_clear_sky	level_ne	level_ue	level_object_ratio	level_sunpix	level_thick_clouds	level_thin_clouds	level_mask_csi	o_min_size	offset_Angle	rad_sunmask	zenith_angle	rad_zero	use_horizon	use_sunmask	use_sunpix	use_brg	use_cdoc	write_sunpix	merge_sunmask	use_underexposed
20191012	000100	1112	-2	-2	-2	-2	9	-2.00	1.00	40540900000.00	1279850000000000.00		0	0	11	12	0	37.19	102.86	0.8	0.5	5	0.1	2.5	2.5	0.9	0.99	0.5	0.1	0.9	15	-9	0.12	79.5	0.965	1	0	1	1	1	0	0	0
20191012	000200	1112	0.03	0.41	0.00	0.41	8	1.02	0.97	31538600000.00	1333540000000000.00		0	0	11	12	0	37.19	102.86	0.8	0.5	5	0.1	2.5	2.5	0.9	0.99	0.5	0.1	0.9	15	-9	0.12	79.5	0.965	1	0	1	1	1	0	0	0
20191012	000300	1112	-2	-2	-2	-2	9	-2.00	1.00	52879000000.00	1195920000000000.00		0	0	11	12	0	37.19	102.86	0.8	0.5	5	0.1	2.5	2.5	0.9	0.99	0.5	0.1	0.9	15	-9	0.12	79.5	0.965	1	0	1	1	1	0	0	0
20191012	000400	1112	-2	-2	-2	-2	9	-2.00	1.00	20080100000.00	1158090000000000.00		0	0	11	12	0	37.19	102.86	0.8	0.5	5	0.1	2.5	2.5	0.9	0.99	0.5	0.1	0.9	15	-9	0.12	79.5	0.965	1	0	1	1	1	0	0	0
20191012	000500	1112	-2	-2	-2	-2	9	-2.00	1.00	11567900000.00	1120800000000000.00		0	0	11	12	0	37.19	102.86	0.8	0.5	5	0.1	2.5	2.5	0.9	0.99	0.5	0.1	0.9	15	-9	0.12	79.5	0.965	1	0	1	1	1	0	0	0
20191012	000600	1112	0.05	0.43	0.00	0.43	8	1.04	0.98	24868200000.00	1089620000000000.00		0	0	11	12	0	37.19	102.86	0.8	0.5	5	0.1	2.5	2.5	0.9	0.99	0.5	0.1	0.9	15	-9	0.12	79.5	0.965	1	0	1	1	1	0	0	0
20191012	000700	1112	0.05	0.47	0.00	0.47	8	1.06	0.96	6542020000.00	1164650000000000.00		0	0	11	12	0	37.19	102.86	0.8	0.5	5	0.1	2.5	2.5	0.9	0.99	0.5	0.1	0.9	15	-9	0.12	79.5	0.965	1	0	1	1	1	0	0	0
20191012	000800	1112	0.06	0.51	0.00	0.51	8	1.08	0.97	9355600000.00	1044820000000000.00		0	0	11	12	0	37.19	102.86	0.8	0.5	5	0.1	2.5	2.5	0.9	0.99	0.5	0.1	0.9	15	-9	0.12	79.5	0.965	1	0	1	1	1	0	0	0
20191012	000900	1112	0.07	0.47	0.00	0.47	8	1.08	0.92	3886580000.00	800251000000000.00		0	0	11	12	0	37.19	102.86	0.8	0.5	5	0.1	2.5	2.5	0.9	0.99	0.5	0.1	0.9	15	-9	0.12	79.5	0.965	1	0	1	1	1	0	0	0
20191012	001000	1112	0.08	0.43	0.00	0.43	8	1.06	0.92	9010680000.00	754404000000000.00		0	0	11	12	0	37.19	102.86	0.8	0.5	5	0.1	2.5	2.5	0.9	0.99	0.5	0.1	0.9	15	-9	0.12	79.5	0.965	1	0	1	1	1	0	0	0
20191012	001100	1112	0.08	0.43	0.01	0.42	8	1.04	0.87	9899550000.00	670097000000000.00		0	0	11	12	0	37.19	102.86	0.8	0.5	5	0.1	2.5	2.5	0.9	0.99	0.5	0.1	0.9	15	-9	0.12	79.5	0.965	1	0	1	1	1	0	0	0
20191012	001200	1112	-2	-2	-2	-2	9	-2.00	1.00	6602210000.00	702302000000000.00		0	0	11	12	0	37.19	102.86	0.8	0.5	5	0.1	2.5	2.5	0.9	0.99	0.5	0.1	0.9	15	-9	0.12	79.5	0.965	1	0	1	1	1	0	0	0
20191012	001300	1112	-2	-2	-2	-2	9	-2.00	1.00	23013700000.00	728848000000000.00		0	0	11	12	0	37.19	102.86	0.8	0.5	5	0.1	2.5	2.5	0.9	0.99	0.5	0.1	0.9	15	-9	0.12	79.5	0.965	1	0	1	1	1	0	0	0
20191012	001400	1112	-2	-2	-2	-2	9	-2.00	1.00	30091400000.00	729681000000000.00		0	0	11	12	0	37.19	102.86	0.8	0.5	5	0.1	2.5	2.5	0.9	0.99	0.5	0.1	0.9	15	-9	0.12	79.5	0.965	1	0	1	1	1	0	0	0
20191012	001500	1112	-2	-2	-2	-2	9	-2.00	1.00	13144100000.00	702070000000000.00		0	0	11	12	0	37.19	102.86	0.8	0.5	5	0.1	2.5	2.5	0.9	0.99	0.5	0.1	0.9	15	-9	0.12	79.5	0.965	1	0	1	1	1	0	0	0
20191012	001600	1112	-2	-2	-2	-2	9	-2.00	1.00	26056500000.00	786729000000000.00		0	0	11	12	0	37.19	102.86	0.8	0.5	5	0.1	2.5	2.5	0.9	0.99	0.5	0.1	0.9	15	-9	0.12	79.5	0.965	1	0	1	1	1	0	0	0
20191012	001700	1112	-2	-2	-2	-2	9	-2.00	1.00	28869900000.00	1104090000000000.00		0	0	11	12	0	37.19	102.86	0.8	0.5	5	0.1	2.5	2.5	0.9	0.99	0.5	0.1	0.9	15	-9	0.12	79.5	0.965	1	0	1	1	1	0	0	0
20191012	001800	1112	-2	-2	-2	-2	9	-2.00	1.00	32248500000.00	1000840000000000.00		0	0	11	12	0	37.19	102.86	0.8	0.5	5	0.1	2.5	2.5	0.9	0.99	0.5	0.1	0.9	15	-9	0.12	79.5	0.965	1	0	1	1	1	0	0	0
20191012	001900	1112	-2	-2	-2	-2	9	-2.00	1.00	28273800000.00	871922000000000.00		0	0	11	12	0	37.19	102.86	0.8	0.5	5	0.1	2.5	2.5	0.9	0.99	0.5	0.1	0.9	15	-9	0.12	79.5	0.965	1	0	1	1	1	0	0	0
20191012	002000	1112	-2	-2	-2	-2	9	-2.00	1.00	31147400000.00	812083000000000.00		0	0	11	12	0	37.19	102.86	0.8	0.5	5	0.1	2.5	2.5	0.9	0.99	0.5	0.1	0.9	15	-9	0.12	79.5	0.965	1	0	1	1	1	0	0	0
20191012	002100	1112	-2	-2	-2	-2	9	-2.00	1.00	30718200000.00	850480000000000.00		0	0	11	12	0	37.19	102.86	0.8	0.5	5	0.1	2.5	2.5	0.9	0.99	0.5	0.1	0.9	15	-9	0.12	79.5	0.965	1	0	1	1	1	0	0	0
20191012	002200	1112	-2	-2	-2	-2	9	-2.00	1.00	44798100000.00	918729000000000.00		0	0	11	12	0	37.19	102.86	0.8	0.5	5	0.1	2.5	2.5	0.9	0.99	0.5	0.1	0.9	15	-9	0.12	79.5	0.965	1	0	1	1	1	0	0	0
20191012	002300	1112	-2	-2	-2	-2	9	-2.00	1.00	33723800000.00	920717000000000.00		0	0	11	12	0	37.19	102.86	0.8	0.5	5	0.1	2.5	2.5	0.9	0.99	0.5	0.1	0.9	15	-9	0.12	79.5	0.965	1	0	1	1	1	0	0	0
20191012	002400	1112	0.07	0.28	0.00	0.28	0	1.03	0.93	30933800000.00	861785000000000.00		0	0	11	12	0	37.19	102.86	0.8	0.5	5	0.1	2.5	2.5	0.9	0.99	0.5	0.1	0.9	15	-9	0.12	79.5	0.965	1	0	1	1	1	0	0	0
20191012	002500	1112	0.06	0.22	0.00	0.22	0	1.00	0.89	40549400000.00	962777000000000.00		0	0	11	12	0	37.19	102.86	0.8	0.5	5	0.1	2.5	2.5	0.9	0.99	0.5	0.1	0.9	15	-9	0.12	79.5	0.965	1	0	1	1	1	0	0	0
20191012	002600	1112	-2	-2	-2	-2	9	-2.00	1.00	42595700000.00	1034520000000000.00		0	0	11	12	0	37.19	102.86	0.8	0.5	5	0.1	2.5	2.5	0.9	0.99	0.5	0.1	0.9	15	-9	0.12	79.5	0.965	1	0	1	1	1	0	0	0
20191012	002700	1112	0.07	0.32	0.00	0.32	0	1.02	1.00	31892200000.00	1004220000000000.00		0	0	11	12	0	37.19	102.86	0.8	0.5	5	0.1	2.5	2.5	0.9	0.99	0.5	0.1	0.9	15	-9	0.12	79.5	0.965	1	0	1	1	1	0	0	0
20191012	002800	1112	0.07	0.38	0.01	0.37	0	1.03	1.00	41557500000.00	1038200000000000.00		0	0	11	12	0	37.19	102.86	0.8	0.5	5	0.1	2.5	2.5	0.9	0.99	0.5	0.1	0.9	15	-9	0.12	79.5	0.965	1	0	1	1	1	0	0	0
20191012	002900	1112	0.05	0.38	0.01	0.37	0	1.04	0.84	35476400000.00	904653000000000.00		0	0	11	12	0	37.19	102.86	0.8	0.5	5	0.1	2.5	2.5	0.9	0.99	0.5	0.1	0.9	15	-9	0.12	79.5	0.965	1	0	1	1	1	0	0	0
20191012	003000	1112	0.04	0.35	0.00	0.35	0	1.04	0.93	49049700000.00	1101190000000000.00		0	0	11	12	0	37.19	102.86	0.8	0.5	5	0.1	2.5	2.5	0.9	0.99	0.5	0.1	0.9	15	-9	0.12	79.5	0.965	1	0	1	1	1	0	0	0
20191012	003100	1112	-2	-2	-2	-2	9	-2.00	1.00	68629000000.00	1198700000000000.00		0	0	11	12	0	37.19	102.86	0.8	0.5	5	0.1	2.5	2.5	0.9	0.99	0.5	0.1	0.9	15	-9	0.12	79.5	0.965	1	0	1	1	1	0	0	0
20191012	003200	1112	-2	-2	-2	-2	9	-2.00	1.00	68381900000.00	1578860000000000.00		0	0	11	12	0	37.19	102.86	0.8	0.5	5	0.1	2.5	2.5	0.9	0.99	0.5	0.1	0.9	15	-9	0.12	79.5	0.965	1	0	1	1	1	0	0	0
20191012	003300	1112	-2	-2	-2	-2	9	-2.00	1.00	66427700000.00	1289030000000000.00		0	0	11	12	0	37.19	102.86	0.8	0.5	5	0.1	2.5	2.5	0.9	0.99	0.5	0.1	0.9	15	-9	0.12	79.5	0.965	1	0	1	1	1	0	0	0
20191012	003400	1112	0.08	0.59	0.00	0.59	0	1.07	0.87	98719100000.00	1506730000000000.00		0	0	11	12	0	37.19	102.86	0.8	0.5	5	0.1	2.5	2.5	0.9	0.99	0.5	0.1	0.9	15	-9	0.12	79.5	0.965	1	0	1	1	1	0	0	0
20191012	003500	1112	0.08	0.68	0.00	0.68	5	1.10	0.85	129968000000.00	1658150000000000.00		0	0	11	12	0	37.19	102.86	0.8	0.5	5	0.1	2.5	2.5	0.9	0.99	0.5	0.1	0.9	15	-9	0.12	79.5	0.965	1	0	1	1	1	0	0	0
20191012	003600	1112	0.06	0.64	0.00	0.64	0	1.08	0.92	109221000000.00	1635300000000000.00		0	0	11	12	0	37.19	102.86	0.8	0.5	5	0.1	2.5	2.5	0.9	0.99	0.5	0.1	0.9	15	-9	0.12	79.5	0.965	1	0	1	1	1	0	0	0
20191012	003700	1112	0.06	0.59	0.00	0.59	0	1.08	0.93	135326000000.00	1649550000000000.00		0	0	11	12	0	37.19	102.86	0.8	0.5	5	0.1	2.5	2.5	0.9	0.99	0.5	0.1	0.9	15	-9	0.12	79.5	0.965	1	0	1	1	1	0	0	0
20191012	003800	1112	0.07	0.54	0.00	0.54	5	1.07	0.86	114287000000.00	1589290000000000.00		0	0	11	12	0	37.19	102.86	0.8	0.5	5	0.1	2.5	2.5	0.9	0.99	0.5	0.1	0.9	15	-9	0.12	79.5	0.965	1	0	1	1	1	0	0	0
20191012	003900	1112	0.08	0.53	0.00	0.53	0	1.06	0.91	115871000000.00	1570930000000000.00		0	0	11	12	0	37.19	102.86	0.8	0.5	5	0.1	2.5	2.5	0.9	0.99	0.5	0.1	0.9	15	-9	0.12	79.5	0.965	1	0	1	1	1	0	0	0
20191012	004000	1112	0.09	0.51	0.00	0.51	3	1.05	0.87	107963000000.00	1762720000000000.00		0	0	11	12	0	37.19	102.86	0.8	0.5	5	0.1	2.5	2.5	0.9	0.99	0.5	0.1	0.9	15	-9	0.12	79.5	0.965	1	0	1	1	1	0	0	0
20191012	004100	1112	0.10	0.49	0.00	0.49	5	1.03	0.90	72733600000.00	1724160000000000.00		0	0	11	12	0	37.19	102.86	0.8	0.5	5	0.1	2.5	2.5	0.9	0.99	0.5	0.1	0.9	15	-9	0.12	79.5	0.965	1	0	1	1	1	0	0	0
20191012	004300	1112	0.11	0.57	0.01	0.56	5	1.03	0.84	73728300000.00	1588550000000000.00		0	0	11	12	0	37.19	102.86	0.8	0.5	5	0.1	2.5	2.5	0.9	0.99	0.5	0.1	0.9	15	-9	0.12	79.5	0.965	1	0	1	1	1	0	0	0
20191012	004400	1112	0.12	0.60	0.01	0.59	5	1.03	0.84	31977900000.00	1551690000000000.00		0	0	11	12	0	37.19	102.86	0.8	0.5	5	0.1	2.5	2.5	0.9	0.99	0.5	0.1	0.9	15	-9	0.12	79.5	0.965	1	0	1	1	1	0	0	0
20191012	004500	1112	0.14	0.62	0.01	0.61	5	1.03	0.92	4828270000.00	1224240000000000.00		0	0	11	12	0	37.19	102.86	0.8	0.5	5	0.1	2.5	2.5	0.9	0.99	0.5	0.1	0.9	15	-9	0.12	79.5	0.965	1	0	1	1	1	0	0	0
20191012	004600	1112	0.13	0.60	0.00	0.60	5	1.03	0.87	49644100000.00	1426350000000000.00		0	0	11	12	0	37.19	102.86	0.8	0.5	5	0.1	2.5	2.5	0.9	0.99	0.5	0.1	0.9	15	-9	0.12	79.5	0.965	1	0	1	1	1	0	0	0
20191012	004700	1112	0.12	0.60	0.01	0.59	3	1.04	0.85	26676400000.00	1337110000000000.00		0	0	11	12	0	37.19	102.86	0.8	0.5	5	0.1	2.5	2.5	0.9	0.99	0.5	0.1	0.9	15	-9	0.12	79.5	0.965	1	0	1	1	1	0	0	0
20191012	004800	1112	0.09	0.64	0.01	0.63	5	1.08	0.88	14529200000.00	1692230000000000.00		0	0	11	12	0	37.19	102.86	0.8	0.5	5	0.1	2.5	2.5	0.9	0.99	0.5	0.1	0.9	15	-9	0.12	79.5	0.965	1	0	1	1	1	0	0	0
20191012	004900	1112	0.06	0.67	0.01	0.66	3	1.10	0.80	42876900000.00	1517280000000000.00		0	0	11	12	0	37.19	102.86	0.8	0.5	5	0.1	2.5	2.5	0.9	0.99	0.5	0.1	0.9	15	-9	0.12	79.5	0.965	1	0	1	1	1	0	0	0
20191012	005000	1112	0.07	0.64	0.00	0.64	5	1.04	0.82	30116200000.00	1459060000000000.00		0	0	11	12	0	37.19	102.86	0.8	0.5	5	0.1	2.5	2.5	0.9	0.99	0.5	0.1	0.9	15	-9	0.12	79.5	0.965	1	0	1	1	1	0	0	0
20191012	005100	1112	0.08	0.64	0.00	0.64	3	1.06	0.89	55365300000.00	1484750000000000.00		0	0	11	12	0	37.19	102.86	0.8	0.5	5	0.1	2.5	2.5	0.9	0.99	0.5	0.1	0.9	15	-9	0.12	79.5	0.965	1	0	1	1	1	0	0	0
20191012	005200	1112	0.08	0.63	0.00	0.63	0	1.06	0.89	74986600000.00	1510100000000000.00		0	0	11	12	0	37.19	102.86	0.8	0.5	5	0.1	2.5	2.5	0.9	0.99	0.5	0.1	0.9	15	-9	0.12	79.5	0.965	1	0	1	1	1	0	0	0
20191012	004200	1112	0.11	0.53	0.01	0.52	5	1.02	0.85	91879000000.00	1810870000000000.00		0	0	11	12	0	37.19	102.86	0.8	0.5	5	0.1	2.5	2.5	0.9	0.99	0.5	0.1	0.9	15	-9	0.12	79.5	0.965	1	0	1	1	1	0	0	0
20191012	005300	1112	0.08	0.64	0.00	0.64	0	1.07	0.92	66895800000.00	1549160000000000.00		0	0	11	12	0	37.19	102.86	0.8	0.5	5	0.1	2.5	2.5	0.9	0.99	0.5	0.1	0.9	15	-9	0.12	79.5	0.965	1	0	1	1	1	0	0	0
20191012	005400	1112	-2	-2	-2	-2	9	-2.00	1.00	45832900000.00	1449790000000000.00		0	0	11	12	0	37.19	102.86	0.8	0.5	5	0.1	2.5	2.5	0.9	0.99	0.5	0.1	0.9	15	-9	0.12	79.5	0.965	1	0	1	1	1	0	0	0
20191012	005500	1112	0.11	0.71	0.00	0.71	0	1.06	0.98	25761300000.00	1576820000000000.00		0	0	11	12	0	37.19	102.86	0.8	0.5	5	0.1	2.5	2.5	0.9	0.99	0.5	0.1	0.9	15	-9	0.12	79.5	0.965	1	0	1	1	1	0	0	0
20191012	005600	1112	0.11	0.71	0.00	0.71	0	1.07	0.93	34738500000.00	1633760000000000.00		0	0	11	12	0	37.19	102.86	0.8	0.5	5	0.1	2.5	2.5	0.9	0.99	0.5	0.1	0.9	15	-9	0.12	79.5	0.965	1	0	1	1	1	0	0	0
20191012	005700	1112	0.11	0.73	0.01	0.72	5	1.07	0.91	27046600000.00	1566990000000000.00		0	0	11	12	0	37.19	102.86	0.8	0.5	5	0.1	2.5	2.5	0.9	0.99	0.5	0.1	0.9	15	-9	0.12	79.5	0.965	1	0	1	1	1	0	0	0
20191012	005800	1112	0.13	0.75	0.01	0.74	5	1.07	0.93	23443000000.00	1570240000000000.00		0	0	11	12	0	37.19	102.86	0.8	0.5	5	0.1	2.5	2.5	0.9	0.99	0.5	0.1	0.9	15	-9	0.12	79.5	0.965	1	0	1	1	1	0	0	0
20191012	005900	1112	0.12	0.76	0.01	0.75	3	1.07	0.97	18715500000.00	1441090000000000.00		0	0	11	12	0	37.19	102.86	0.8	0.5	5	0.1	2.5	2.5	0.9	0.99	0.5	0.1	0.9	15	-9	0.12	79.5	0.965	1	0	1	1	1	0	0	0
20191012	010000	1112	0.13	0.77	0.02	0.75	3	1.08	0.93	24722900000.00	1474150000000000.00		0	0	11	12	0	37.19	102.86	0.8	0.5	5	0.1	2.5	2.5	0.9	0.99	0.5	0.1	0.9	15	-9	0.12	79.5	0.965	1	0	1	1	1	0	0	0
20191012	010100	1112	0.14	0.77	0.02	0.75	5	1.08	0.94	13645000000.00	1630000000000000.00		0	0	11	12	0	37.19	102.86	0.8	0.5	5	0.1	2.5	2.5	0.9	0.99	0.5	0.1	0.9	15	-9	0.12	79.5	0.965	1	0	1	1	1	0	0	0
20191012	010200	1112	0.15	0.67	0.01	0.66	5	1.06	0.89	9535620000.00	1374300000000000.00		0	0	11	12	0	37.19	102.86	0.8	0.5	5	0.1	2.5	2.5	0.9	0.99	0.5	0.1	0.9	15	-9	0.12	79.5	0.965	1	0	1	1	1	0	0	0
20191012	010300	1112	0.14	0.57	0.01	0.56	5	1.07	0.90	9005520000.00	1257330000000000.00		0	0	11	12	0	37.19	102.86	0.8	0.5	5	0.1	2.5	2.5	0.9	0.99	0.5	0.1	0.9	15	-9	0.12	79.5	0.965	1	0	1	1	1	0	0	0
20191012	010400	1112	0.12	0.36	0.01	0.35	5	1.04	0.84	9222050000.00	1253750000000000.00		0	0	11	12	0	37.19	102.86	0.8	0.5	5	0.1	2.5	2.5	0.9	0.99	0.5	0.1	0.9	15	-9	0.12	79.5	0.965	1	0	1	1	1	0	0	0
20191012	010500	1112	0.12	0.33	0.01	0.32	5	1.05	0.86	14210500000.00	1386620000000000.00		0	0	11	12	0	37.19	102.86	0.8	0.5	5	0.1	2.5	2.5	0.9	0.99	0.5	0.1	0.9	15	-9	0.12	79.5	0.965	1	0	1	1	1	0	0	0
20191012	010600	1112	0.12	0.35	0.01	0.34	5	1.05	0.90	7709340000.00	1381820000000000.00		0	0	11	12	0	37.19	102.86	0.8	0.5	5	0.1	2.5	2.5	0.9	0.99	0.5	0.1	0.9	15	-9	0.12	79.5	0.965	1	0	1	1	1	0	0	0
20191012	010700	1112	0.12	0.42	0.01	0.41	5	1.06	0.87	8647150000.00	1268350000000000.00		0	0	11	12	0	37.19	102.86	0.8	0.5	5	0.1	2.5	2.5	0.9	0.99	0.5	0.1	0.9	15	-9	0.12	79.5	0.965	1	0	1	1	1	0	0	0
20191012	010800	1112	0.13	0.40	0.01	0.39	5	1.06	0.89	3409980000.00	1308380000000000.00		0	0	11	12	0	37.19	102.86	0.8	0.5	5	0.1	2.5	2.5	0.9	0.99	0.5	0.1	0.9	15	-9	0.12	79.5	0.965	1	0	1	1	1	0	0	0
20191012	010900	1112	0.14	0.37	0.01	0.36	3	1.05	0.95	3190930000.00	1221660000000000.00		0	0	11	12	0	37.19	102.86	0.8	0.5	5	0.1	2.5	2.5	0.9	0.99	0.5	0.1	0.9	15	-9	0.12	79.5	0.965	1	0	1	1	1	0	0	0
20191012	011000	1112	0.10	0.33	0.00	0.33	1	1.03	0.94	8044410000.00	1277360000000000.00		0	0	11	12	0	37.19	102.86	0.8	0.5	5	0.1	2.5	2.5	0.9	0.99	0.5	0.1	0.9	15	-9	0.12	79.5	0.965	1	0	1	1	1	0	0	0
20191012	011100	1112	0.11	0.37	0.00	0.37	5	1.03	0.90	17477500000.00	1162020000000000.00		0	0	11	12	0	37.19	102.86	0.8	0.5	5	0.1	2.5	2.5	0.9	0.99	0.5	0.1	0.9	15	-9	0.12	79.5	0.965	1	0	1	1	1	0	0	0
20191012	011200	1112	0.09	0.41	0.00	0.41	1	1.03	0.96	15059100000.00	1181850000000000.00		0	0	11	12	0	37.19	102.86	0.8	0.5	5	0.1	2.5	2.5	0.9	0.99	0.5	0.1	0.9	15	-9	0.12	79.5	0.965	1	0	1	1	1	0	0	0
20191012	011300	1112	0.08	0.44	0.00	0.44	1	1.04	0.96	6191560000.00	1071230000000000.00		0	0	11	12	0	37.19	102.86	0.8	0.5	5	0.1	2.5	2.5	0.9	0.99	0.5	0.1	0.9	15	-9	0.12	79.5	0.965	1	0	1	1	1	0	0	0
20191012	011400	1112	0.09	0.42	0.01	0.41	5	1.04	0.95	4947980000.00	1304730000000000.00		0	0	11	12	0	37.19	102.86	0.8	0.5	5	0.1	2.5	2.5	0.9	0.99	0.5	0.1	0.9	15	-9	0.12	79.5	0.965	1	0	1	1	1	0	0	0
20191012	011500	1112	0.09	0.40	0.00	0.40	1	1.04	0.90	7984610000.00	1235530000000000.00		0	0	11	12	0	37.19	102.86	0.8	0.5	5	0.1	2.5	2.5	0.9	0.99	0.5	0.1	0.9	15	-9	0.12	79.5	0.965	1	0	1	1	1	0	0	0
20191012	011600	1112	0.08	0.60	0.00	0.60	5	1.08	0.96	4796580000.00	1007300000000000.00		0	0	11	12	0	37.19	102.86	0.8	0.5	5	0.1	2.5	2.5	0.9	0.99	0.5	0.1	0.9	15	-9	0.12	79.5	0.965	1	0	1	1	1	0	0	0
20191012	011700	1112	0.08	0.55	0.00	0.55	1	1.08	0.96	6328220000.00	1280090000000000.00		0	0	11	12	0	37.19	102.86	0.8	0.5	5	0.1	2.5	2.5	0.9	0.99	0.5	0.1	0.9	15	-9	0.12	79.5	0.965	1	0	1	1	1	0	0	0
20191012	011800	1112	0.09	0.60	0.00	0.60	1	1.09	0.95	7950340000.00	1269940000000000.00		0	0	11	12	0	37.19	102.86	0.8	0.5	5	0.1	2.5	2.5	0.9	0.99	0.5	0.1	0.9	15	-9	0.12	79.5	0.965	1	0	1	1	1	0	0	0
20191012	011900	1112	0.10	0.38	0.01	0.37	5	1.04	0.95	10675000000.00	1247240000000000.00		0	0	11	12	0	37.19	102.86	0.8	0.5	5	0.1	2.5	2.5	0.9	0.99	0.5	0.1	0.9	15	-9	0.12	79.5	0.965	1	0	1	1	1	0	0	0
20191012	012000	1112	0.12	0.43	0.01	0.42	5	1.05	0.92	20433900000.00	1194450000000000.00		0	0	11	12	0	37.19	102.86	0.8	0.5	5	0.1	2.5	2.5	0.9	0.99	0.5	0.1	0.9	15	-9	0.12	79.5	0.965	1	0	1	1	1	0	0	0
20191012	012100	1112	0.14	0.43	0.01	0.42	5	1.05	0.93	8512290000.00	1052720000000000.00		0	0	11	12	0	37.19	102.86	0.8	0.5	5	0.1	2.5	2.5	0.9	0.99	0.5	0.1	0.9	15	-9	0.12	79.5	0.965	1	0	1	1	1	0	0	0
20191012	012200	1112	0.11	0.58	0.00	0.58	5	1.07	0.88	12950700000.00	1388380000000000.00		0	0	11	12	0	37.19	102.86	0.8	0.5	5	0.1	2.5	2.5	0.9	0.99	0.5	0.1	0.9	15	-9	0.12	79.5	0.965	1	0	1	1	1	0	0	0
20191012	012300	1112	0.12	0.53	0.00	0.53	5	1.06	0.94	13005000000.00	1272300000000000.00		0	0	11	12	0	37.19	102.86	0.8	0.5	5	0.1	2.5	2.5	0.9	0.99	0.5	0.1	0.9	15	-9	0.12	79.5	0.965	1	0	1	1	1	0	0	0
20191012	012400	1112	0.08	0.42	0.00	0.42	1	1.05	0.96	5724420000.00	1321320000000000.00		0	0	11	12	0	37.19	102.86	0.8	0.5	5	0.1	2.5	2.5	0.9	0.99	0.5	0.1	0.9	15	-9	0.12	79.5	0.965	1	0	1	1	1	0	0	0
20191012	012500	1112	0.08	0.43	0.00	0.43	5	1.05	0.93	12404800000.00	1324380000000000.00		0	0	11	12	0	37.19	102.86	0.8	0.5	5	0.1	2.5	2.5	0.9	0.99	0.5	0.1	0.9	15	-9	0.12	79.5	0.965	1	0	1	1	1	0	0	0
20191012	012600	1112	0.07	0.48	0.00	0.48	5	1.05	0.98	8280470000.00	1331450000000000.00		0	0	11	12	0	37.19	102.86	0.8	0.5	5	0.1	2.5	2.5	0.9	0.99	0.5	0.1	0.9	15	-9	0.12	79.5	0.965	1	0	1	1	1	0	0	0
20191012	012700	1112	0.05	0.68	0.00	0.68	1	1.09	0.96	14034700000.00	1354900000000000.00		0	0	11	12	0	37.19	102.86	0.8	0.5	5	0.1	2.5	2.5	0.9	0.99	0.5	0.1	0.9	15	-9	0.12	79.5	0.965	1	0	1	1	1	0	0	0
20191012	012800	1112	0.05	0.67	0.00	0.67	1	1.08	0.98	14288300000.00	1328150000000000.00		0	0	11	12	0	37.19	102.86	0.8	0.5	5	0.1	2.5	2.5	0.9	0.99	0.5	0.1	0.9	15	-9	0.12	79.5	0.965	1	0	1	1	1	0	0	0
20191012	012900	1112	0.06	0.67	0.00	0.67	5	1.09	0.96	5336990000.00	1268880000000000.00		0	0	11	12	0	37.19	102.86	0.8	0.5	5	0.1	2.5	2.5	0.9	0.99	0.5	0.1	0.9	15	-9	0.12	79.5	0.965	1	0	1	1	1	0	0	0
20191012	013000	1112	0.07	0.58	0.00	0.58	5	1.04	0.96	6288600000.00	1362860000000000.00		0	0	11	12	0	37.19	102.86	0.8	0.5	5	0.1	2.5	2.5	0.9	0.99	0.5	0.1	0.9	15	-9	0.12	79.5	0.965	1	0	1	1	1	0	0	0
20191012	013100	1112	0.07	0.57	0.01	0.56	5	1.04	0.95	11830100000.00	1449640000000000.00		0	0	11	12	0	37.19	102.86	0.8	0.5	5	0.1	2.5	2.5	0.9	0.99	0.5	0.1	0.9	15	-9	0.12	79.5	0.965	1	0	1	1	1	0	0	0
20191012	013200	1112	0.07	0.56	0.01	0.55	1	1.04	0.94	10494000000.00	1266370000000000.00		0	0	11	12	0	37.19	102.86	0.8	0.5	5	0.1	2.5	2.5	0.9	0.99	0.5	0.1	0.9	15	-9	0.12	79.5	0.965	1	0	1	1	1	0	0	0
20191012	013300	1112	0.10	0.54	0.01	0.53	5	1.05	0.92	11880200000.00	1307880000000000.00		0	0	11	12	0	37.19	102.86	0.8	0.5	5	0.1	2.5	2.5	0.9	0.99	0.5	0.1	0.9	15	-9	0.12	79.5	0.965	1	0	1	1	1	0	0	0
20191012	013400	1112	0.11	0.45	0.01	0.44	5	1.04	0.95	6309560000.00	1307950000000000.00		0	0	11	12	0	37.19	102.86	0.8	0.5	5	0.1	2.5	2.5	0.9	0.99	0.5	0.1	0.9	15	-9	0.12	79.5	0.965	1	0	1	1	1	0	0	0
20191012	013500	1112	0.12	0.42	0.01	0.41	5	1.04	0.95	6233840000.00	1220900000000000.00		0	0	11	12	0	37.19	102.86	0.8	0.5	5	0.1	2.5	2.5	0.9	0.99	0.5	0.1	0.9	15	-9	0.12	79.5	0.965	1	0	1	1	1	0	0	0
20191012	013600	1112	0.12	0.37	0.01	0.36	1	1.04	0.88	1305990000.00	711954000000000.00		0	0	11	12	0	37.19	102.86	0.8	0.5	5	0.1	2.5	2.5	0.9	0.99	0.5	0.1	0.9	15	-9	0.12	79.5	0.965	1	0	1	1	1	0	0	0
20191012	013800	1112	0.18	0.45	0.01	0.44	5	1.04	0.96	2963870000.00	864034000000000.00		0	0	11	12	0	37.19	102.86	0.8	0.5	5	0.1	2.5	2.5	0.9	0.99	0.5	0.1	0.9	15	-9	0.12	79.5	0.965	1	0	1	1	1	0	0	0
20191012	013900	1112	0.16	0.77	0.01	0.76	1	1.08	0.95	7295990000.00	968410000000000.00		0	0	11	12	0	37.19	102.86	0.8	0.5	5	0.1	2.5	2.5	0.9	0.99	0.5	0.1	0.9	15	-9	0.12	79.5	0.965	1	0	1	1	1	0	0	0
20191012	014000	1112	0.17	0.57	0.01	0.56	3	1.07	0.94	6337820000.00	1230710000000000.00		0	0	11	12	0	37.19	102.86	0.8	0.5	5	0.1	2.5	2.5	0.9	0.99	0.5	0.1	0.9	15	-9	0.12	79.5	0.965	1	0	1	1	1	0	0	0
20191012	014100	1112	0.19	0.52	0.01	0.51	1	1.05	0.96	13077900000.00	1107240000000000.00		0	0	11	12	0	37.19	102.86	0.8	0.5	5	0.1	2.5	2.5	0.9	0.99	0.5	0.1	0.9	15	-9	0.12	79.5	0.965	1	0	1	1	1	0	0	0
20191012	014200	1112	0.22	0.53	0.01	0.52	1	1.05	0.96	3619000000.00	962082000000000.00		0	0	11	12	0	37.19	102.86	0.8	0.5	5	0.1	2.5	2.5	0.9	0.99	0.5	0.1	0.9	15	-9	0.12	79.5	0.965	1	0	1	1	1	0	0	0
20191012	014300	1112	0.20	0.73	0.02	0.71	5	1.08	0.97	7582310000.00	1033820000000000.00		0	0	11	12	0	37.19	102.86	0.8	0.5	5	0.1	2.5	2.5	0.9	0.99	0.5	0.1	0.9	15	-9	0.12	79.5	0.965	1	0	1	1	1	0	0	0
20191012	014400	1112	0.15	0.73	0.02	0.71	1	1.07	0.95	2224060000.00	997314000000000.00		0	0	11	12	0	37.19	102.86	0.8	0.5	5	0.1	2.5	2.5	0.9	0.99	0.5	0.1	0.9	15	-9	0.12	79.5	0.965	1	0	1	1	1	0	0	0
20191012	014500	1112	0.12	0.72	0.00	0.72	1	1.06	0.95	6455460000.00	1130930000000000.00		0	0	11	12	0	37.19	102.86	0.8	0.5	5	0.1	2.5	2.5	0.9	0.99	0.5	0.1	0.9	15	-9	0.12	79.5	0.965	1	0	1	1	1	0	0	0
20191012	014600	1112	0.14	0.73	0.00	0.73	1	1.06	0.96	17009000000.00	1334800000000000.00		0	0	11	12	0	37.19	102.86	0.8	0.5	5	0.1	2.5	2.5	0.9	0.99	0.5	0.1	0.9	15	-9	0.12	79.5	0.965	1	0	1	1	1	0	0	0
20191012	014700	1112	0.12	0.72	0.01	0.71	1	1.06	0.89	5467240000.00	1100360000000000.00		0	0	11	12	0	37.19	102.86	0.8	0.5	5	0.1	2.5	2.5	0.9	0.99	0.5	0.1	0.9	15	-9	0.12	79.5	0.965	1	0	1	1	1	0	0	0
20191012	013700	1112	0.15	0.40	0.01	0.39	1	1.03	0.94	612704000.00	700505000000000.00		0	0	11	12	0	37.19	102.86	0.8	0.5	5	0.1	2.5	2.5	0.9	0.99	0.5	0.1	0.9	15	-9	0.12	79.5	0.965	1	0	1	1	1	0	0	0
20191012	014800	1112	0.09	0.70	0.00	0.70	5	1.07	0.91	8488680000.00	1324980000000000.00		0	0	11	12	0	37.19	102.86	0.8	0.5	5	0.1	2.5	2.5	0.9	0.99	0.5	0.1	0.9	15	-9	0.12	79.5	0.965	1	0	1	1	1	0	0	0
20191012	014900	1112	0.11	0.59	0.00	0.59	5	1.05	0.96	2132610000.00	829230000000000.00		0	0	11	12	0	37.19	102.86	0.8	0.5	5	0.1	2.5	2.5	0.9	0.99	0.5	0.1	0.9	15	-9	0.12	79.5	0.965	1	0	1	1	1	0	0	0
20191012	015000	1112	0.13	0.55	0.00	0.55	0	1.06	0.96	8005990000.00	1099270000000000.00		0	0	11	12	0	37.19	102.86	0.8	0.5	5	0.1	2.5	2.5	0.9	0.99	0.5	0.1	0.9	15	-9	0.12	79.5	0.965	1	0	1	1	1	0	0	0
20191012	015100	1112	0.14	0.50	0.00	0.50	0	1.05	0.98	17455100000.00	1345480000000000.00		0	0	11	12	0	37.19	102.86	0.8	0.5	5	0.1	2.5	2.5	0.9	0.99	0.5	0.1	0.9	15	-9	0.12	79.5	0.965	1	0	1	1	1	0	0	0
20191012	015200	1112	0.14	0.34	0.00	0.34	3	1.04	0.97	12565100000.00	1164910000000000.00		0	0	11	12	0	37.19	102.86	0.8	0.5	5	0.1	2.5	2.5	0.9	0.99	0.5	0.1	0.9	15	-9	0.12	79.5	0.965	1	0	1	1	1	0	0	0
20191012	015300	1112	0.14	0.26	0.00	0.26	5	1.02	0.90	5449620000.00	963471000000000.00		0	0	11	12	0	37.19	102.86	0.8	0.5	5	0.1	2.5	2.5	0.9	0.99	0.5	0.1	0.9	15	-9	0.12	79.5	0.965	1	0	1	1	1	0	0	0
20191012	015400	1112	0.14	0.25	0.00	0.25	0	1.01	0.95	1.36	2551.96		0	0	11	12	0	37.19	102.86	0.8	0.5	5	0.1	2.5	2.5	0.9	0.99	0.5	0.1	0.9	15	-9	0.12	79.5	0.965	1	0	1	1	1	0	0	0
20191012	015500	1112	-2	-2	-2	-2	9	-2.00	1.00	6533980000.00	815314000000000.00		0	0	11	12	0	37.19	102.86	0.8	0.5	5	0.1	2.5	2.5	0.9	0.99	0.5	0.1	0.9	15	-9	0.12	79.5	0.965	1	0	1	1	1	0	0	0
20191012	015600	1112	-2	-2	-2	-2	9	-2.00	1.00	11064600000.00	822584000000000.00		0	0	11	12	0	37.19	102.86	0.8	0.5	5	0.1	2.5	2.5	0.9	0.99	0.5	0.1	0.9	15	-9	0.12	79.5	0.965	1	0	1	1	1	0	0	0
20191012	015700	1112	-2	-2	-2	-2	9	-2.00	1.00	7111280000.00	794993000000000.00		0	0	11	12	0	37.19	102.86	0.8	0.5	5	0.1	2.5	2.5	0.9	0.99	0.5	0.1	0.9	15	-9	0.12	79.5	0.965	1	0	1	1	1	0	0	0
20191012	015800	1112	0.10	0.24	0.00	0.24	3	1.03	0.96	6295230000.00	769492000000000.00		0	0	11	12	0	37.19	102.86	0.8	0.5	5	0.1	2.5	2.5	0.9	0.99	0.5	0.1	0.9	15	-9	0.12	79.5	0.965	1	0	1	1	1	0	0	0
20191012	015900	1112	0.09	0.26	0.00	0.26	3	1.03	0.99	10764600000.00	664078000000000.00		0	0	11	12	0	37.19	102.86	0.8	0.5	5	0.1	2.5	2.5	0.9	0.99	0.5	0.1	0.9	15	-9	0.12	79.5	0.965	1	0	1	1	1	0	0	0
20191012	020000	1112	-2	-2	-2	-2	9	-2.00	1.00	6084760000.00	656826000000000.00		0	0	11	12	0	37.19	102.86	0.8	0.5	5	0.1	2.5	2.5	0.9	0.99	0.5	0.1	0.9	15	-9	0.12	79.5	0.965	1	0	1	1	1	0	0	0
20191012	020100	1112	-2	-2	-2	-2	9	-2.00	1.00	7379600000.00	848953000000000.00		0	0	11	12	0	37.19	102.86	0.8	0.5	5	0.1	2.5	2.5	0.9	0.99	0.5	0.1	0.9	15	-9	0.12	79.5	0.965	1	0	1	1	1	0	0	0
20191012	020200	1112	-2	-2	-2	-2	9	-2.00	1.00	3028510000.00	878198000000000.00		0	0	11	12	0	37.19	102.86	0.8	0.5	5	0.1	2.5	2.5	0.9	0.99	0.5	0.1	0.9	15	-9	0.12	79.5	0.965	1	0	1	1	1	0	0	0
20191012	020300	1112	0.08	0.25	0.00	0.25	0	1.03	0.98	10145800000.00	753677000000000.00		0	0	11	12	0	37.19	102.86	0.8	0.5	5	0.1	2.5	2.5	0.9	0.99	0.5	0.1	0.9	15	-9	0.12	79.5	0.965	1	0	1	1	1	0	0	0
20191012	020400	1112	0.10	0.32	0.00	0.32	3	1.04	0.97	8368010000.00	841333000000000.00		0	0	11	12	0	37.19	102.86	0.8	0.5	5	0.1	2.5	2.5	0.9	0.99	0.5	0.1	0.9	15	-9	0.12	79.5	0.965	1	0	1	1	1	0	0	0
20191012	020500	1112	0.11	0.37	0.00	0.37	0	1.06	0.91	9381150000.00	843092000000000.00		0	0	11	12	0	37.19	102.86	0.8	0.5	5	0.1	2.5	2.5	0.9	0.99	0.5	0.1	0.9	15	-9	0.12	79.5	0.965	1	0	1	1	1	0	0	0
20191012	020600	1112	-2	-2	-2	-2	9	-2.00	1.00	5100800000.00	729640000000000.00		0	0	11	12	0	37.19	102.86	0.8	0.5	5	0.1	2.5	2.5	0.9	0.99	0.5	0.1	0.9	15	-9	0.12	79.5	0.965	1	0	1	1	1	0	0	0
20191012	020700	1112	-2	-2	-2	-2	9	-2.00	1.00	6701750000.00	810237000000000.00		0	0	11	12	0	37.19	102.86	0.8	0.5	5	0.1	2.5	2.5	0.9	0.99	0.5	0.1	0.9	15	-9	0.12	79.5	0.965	1	0	1	1	1	0	0	0
20191012	020800	1112	0.10	0.22	0.00	0.22	5	1.02	0.97	6816930000.00	863468000000000.00		0	0	11	12	0	37.19	102.86	0.8	0.5	5	0.1	2.5	2.5	0.9	0.99	0.5	0.1	0.9	15	-9	0.12	79.5	0.965	1	0	1	1	1	0	0	0
20191012	020900	1112	0.08	0.23	0.00	0.23	3	1.02	0.97	3424960000.00	779708000000000.00		0	0	11	12	0	37.19	102.86	0.8	0.5	5	0.1	2.5	2.5	0.9	0.99	0.5	0.1	0.9	15	-9	0.12	79.5	0.965	1	0	1	1	1	0	0	0
20191012	021000	1112	0.07	0.31	0.00	0.31	5	1.05	0.93	2951630000.00	760749000000000.00		0	0	11	12	0	37.19	102.86	0.8	0.5	5	0.1	2.5	2.5	0.9	0.99	0.5	0.1	0.9	15	-9	0.12	79.5	0.965	1	0	1	1	1	0	0	0
20191012	021100	1112	0.08	0.10	0.00	0.10	3	1.00	0.95	4345890000.00	807912000000000.00		0	0	11	12	0	37.19	102.86	0.8	0.5	5	0.1	2.5	2.5	0.9	0.99	0.5	0.1	0.9	15	-9	0.12	79.5	0.965	1	0	1	1	1	0	0	0
20191012	021200	1112	0.07	0.28	0.00	0.28	0	1.06	0.95	10247900000.00	791178000000000.00		0	0	11	12	0	37.19	102.86	0.8	0.5	5	0.1	2.5	2.5	0.9	0.99	0.5	0.1	0.9	15	-9	0.12	79.5	0.965	1	0	1	1	1	0	0	0
20191012	021300	1112	0.08	0.20	0.00	0.20	0	1.04	0.99	11590700000.00	770780000000000.00		0	0	11	12	0	37.19	102.86	0.8	0.5	5	0.1	2.5	2.5	0.9	0.99	0.5	0.1	0.9	15	-9	0.12	79.5	0.965	1	0	1	1	1	0	0	0
20191012	021400	1112	-2	-2	-2	-2	9	-2.00	1.00	30164300000.00	827412000000000.00		0	0	11	12	0	37.19	102.86	0.8	0.5	5	0.1	2.5	2.5	0.9	0.99	0.5	0.1	0.9	15	-9	0.12	79.5	0.965	1	0	1	1	1	0	0	0
20191012	010700	1112	0.12	0.42	0.01	0.41	5	1.06	0.87	8647150000.00	1268350000000000.00		0	0	11	12	0	37.19	102.86	0.8	0.5	5	0.1	2.5	2.5	0.9	0.99	0.5	0.1	0.9	15	-9	0.12	79.5	0.965	1	0	1	1	1	0	0	0
20191012	021500	1112	0.08	0.15	0.00	0.15	0	1.01	0.99	34322800000.00	809553000000000.00		0	0	11	12	0	37.19	102.86	0.8	0.5	5	0.1	2.5	2.5	0.9	0.99	0.5	0.1	0.9	15	-9	0.12	79.5	0.965	1	0	1	1	1	0	0	0
20191012	021600	1112	-2	-2	-2	-2	9	-2.00	1.00	14617100000.00	808367000000000.00		0	0	11	12	0	37.19	102.86	0.8	0.5	5	0.1	2.5	2.5	0.9	0.99	0.5	0.1	0.9	15	-9	0.12	79.5	0.965	1	0	1	1	1	0	0	0
20191012	021700	1112	0.13	0.25	0.00	0.25	0	1.01	0.97	24717600000.00	751472000000000.00		0	0	11	12	0	37.19	102.86	0.8	0.5	5	0.1	2.5	2.5	0.9	0.99	0.5	0.1	0.9	15	-9	0.12	79.5	0.965	1	0	1	1	1	0	0	0
20191012	021800	1112	-2	-2	-2	-2	9	-2.00	1.00	19116100000.00	690996000000000.00		0	0	11	12	0	37.19	102.86	0.8	0.5	5	0.1	2.5	2.5	0.9	0.99	0.5	0.1	0.9	15	-9	0.12	79.5	0.965	1	0	1	1	1	0	0	0
20191012	021900	1112	-2	-2	-2	-2	9	-2.00	1.00	11637900000.00	674967000000000.00		0	0	11	12	0	37.19	102.86	0.8	0.5	5	0.1	2.5	2.5	0.9	0.99	0.5	0.1	0.9	15	-9	0.12	79.5	0.965	1	0	1	1	1	0	0	0
20191012	022000	1112	-2	-2	-2	-2	9	-2.00	1.00	7220510000.00	657132000000000.00		0	0	11	12	0	37.19	102.86	0.8	0.5	5	0.1	2.5	2.5	0.9	0.99	0.5	0.1	0.9	15	-9	0.12	79.5	0.965	1	0	1	1	1	0	0	0
20191012	022100	1112	0.16	0.31	0.00	0.31	3	1.03	0.96	3796680000.00	614076000000000.00		0	0	11	12	0	37.19	102.86	0.8	0.5	5	0.1	2.5	2.5	0.9	0.99	0.5	0.1	0.9	15	-9	0.12	79.5	0.965	1	0	1	1	1	0	0	0
20191012	022200	1112	-2	-2	-2	-2	9	-2.00	1.00	9446860000.00	699498000000000.00		0	0	11	12	0	37.19	102.86	0.8	0.5	5	0.1	2.5	2.5	0.9	0.99	0.5	0.1	0.9	15	-9	0.12	79.5	0.965	1	0	1	1	1	0	0	0
20191012	022300	1112	-2	-2	-2	-2	9	-2.00	1.00	20370400000.00	717355000000000.00		0	0	11	12	0	37.19	102.86	0.8	0.5	5	0.1	2.5	2.5	0.9	0.99	0.5	0.1	0.9	15	-9	0.12	79.5	0.965	1	0	1	1	1	0	0	0
20191012	022400	1112	-2	-2	-2	-2	9	-2.00	1.00	17276300000.00	728927000000000.00		0	0	11	12	0	37.19	102.86	0.8	0.5	5	0.1	2.5	2.5	0.9	0.99	0.5	0.1	0.9	15	-9	0.12	79.5	0.965	1	0	1	1	1	0	0	0
20191012	022500	1112	-2	-2	-2	-2	9	-2.00	1.00	31215900000.00	875630000000000.00		0	0	11	12	0	37.19	102.86	0.8	0.5	5	0.1	2.5	2.5	0.9	0.99	0.5	0.1	0.9	15	-9	0.12	79.5	0.965	1	0	1	1	1	0	0	0
20191012	022600	1112	-2	-2	-2	-2	9	-2.00	1.00	25232300000.00	833284000000000.00		0	0	11	12	0	37.19	102.86	0.8	0.5	5	0.1	2.5	2.5	0.9	0.99	0.5	0.1	0.9	15	-9	0.12	79.5	0.965	1	0	1	1	1	0	0	0
20191012	022700	1112	0.14	0.19	0.00	0.19	3	1.00	0.97	6588500000.00	591502000000000.00		0	0	11	12	0	37.19	102.86	0.8	0.5	5	0.1	2.5	2.5	0.9	0.99	0.5	0.1	0.9	15	-9	0.12	79.5	0.965	1	0	1	1	1	0	0	0
20191012	022800	1112	0.13	0.18	0.00	0.18	3	1.00	0.96	3203930000.00	648420000000000.00		0	0	11	12	0	37.19	102.86	0.8	0.5	5	0.1	2.5	2.5	0.9	0.99	0.5	0.1	0.9	15	-9	0.12	79.5	0.965	1	0	1	1	1	0	0	0
20191012	022900	1112	0.14	0.19	0.00	0.19	3	1.00	0.96	3868390000.00	883396000000000.00		0	0	11	12	0	37.19	102.86	0.8	0.5	5	0.1	2.5	2.5	0.9	0.99	0.5	0.1	0.9	15	-9	0.12	79.5	0.965	1	0	1	1	1	0	0	0
20191012	023000	1112	-2	-2	-2	-2	9	-2.00	1.00	5360430000.00	669024000000000.00		0	0	11	12	0	37.19	102.86	0.8	0.5	5	0.1	2.5	2.5	0.9	0.99	0.5	0.1	0.9	15	-9	0.12	79.5	0.965	1	0	1	1	1	0	0	0
20191012	023100	1112	-2	-2	-2	-2	9	-2.00	1.00	6242150000.00	671612000000000.00		0	0	11	12	0	37.19	102.86	0.8	0.5	5	0.1	2.5	2.5	0.9	0.99	0.5	0.1	0.9	15	-9	0.12	79.5	0.965	1	0	1	1	1	0	0	0
20191012	023200	1112	-2	-2	-2	-2	9	-2.00	1.00	10889600000.00	715350000000000.00		0	0	11	12	0	37.19	102.86	0.8	0.5	5	0.1	2.5	2.5	0.9	0.99	0.5	0.1	0.9	15	-9	0.12	79.5	0.965	1	0	1	1	1	0	0	0
20191012	023300	1112	-2	-2	-2	-2	9	-2.00	1.00	13066700000.00	691060000000000.00		0	0	11	12	0	37.19	102.86	0.8	0.5	5	0.1	2.5	2.5	0.9	0.99	0.5	0.1	0.9	15	-9	0.12	79.5	0.965	1	0	1	1	1	0	0	0
20191012	023400	1112	0.11	0.07	0.00	0.07	3	1.00	0.98	14972000000.00	726570000000000.00		0	0	11	12	0	37.19	102.86	0.8	0.5	5	0.1	2.5	2.5	0.9	0.99	0.5	0.1	0.9	15	-9	0.12	79.5	0.965	1	0	1	1	1	0	0	0
20191012	023500	1112	0.10	0.08	0.00	0.08	3	1.00	0.96	16943000000.00	749954000000000.00		0	0	11	12	0	37.19	102.86	0.8	0.5	5	0.1	2.5	2.5	0.9	0.99	0.5	0.1	0.9	15	-9	0.12	79.5	0.965	1	0	1	1	1	0	0	0
20191012	023600	1112	0.11	0.34	0.00	0.34	3	1.07	0.95	22485900000.00	730378000000000.00		0	0	11	12	0	37.19	102.86	0.8	0.5	5	0.1	2.5	2.5	0.9	0.99	0.5	0.1	0.9	15	-9	0.12	79.5	0.965	1	0	1	1	1	0	0	0
20191012	023700	1112	0.08	0.10	0.00	0.10	3	1.00	0.96	18225700000.00	726355000000000.00		0	0	11	12	0	37.19	102.86	0.8	0.5	5	0.1	2.5	2.5	0.9	0.99	0.5	0.1	0.9	15	-9	0.12	79.5	0.965	1	0	1	1	1	0	0	0
20191012	023900	1112	0.13	0.14	0.00	0.14	3	1.01	0.94	12136000000.00	728837000000000.00		0	0	11	12	0	37.19	102.86	0.8	0.5	5	0.1	2.5	2.5	0.9	0.99	0.5	0.1	0.9	15	-9	0.12	79.5	0.965	1	0	1	1	1	0	0	0
20191012	024000	1112	0.11	0.14	0.00	0.14	3	1.01	0.94	11107400000.00	824373000000000.00		0	0	11	12	0	37.19	102.86	0.8	0.5	5	0.1	2.5	2.5	0.9	0.99	0.5	0.1	0.9	15	-9	0.12	79.5	0.965	1	0	1	1	1	0	0	0
20191012	024100	1112	0.10	0.12	0.00	0.12	3	1.01	0.93	10040800000.00	854475000000000.00		0	0	11	12	0	37.19	102.86	0.8	0.5	5	0.1	2.5	2.5	0.9	0.99	0.5	0.1	0.9	15	-9	0.12	79.5	0.965	1	0	1	1	1	0	0	0
20191012	024200	1112	0.09	0.10	0.00	0.10	3	1.01	0.94	7733140000.00	723616000000000.00		0	0	11	12	0	37.19	102.86	0.8	0.5	5	0.1	2.5	2.5	0.9	0.99	0.5	0.1	0.9	15	-9	0.12	79.5	0.965	1	0	1	1	1	0	0	0
20191012	024300	1112	0.09	0.08	0.00	0.08	3	1.00	0.94	15222100000.00	740903000000000.00		0	0	11	12	0	37.19	102.86	0.8	0.5	5	0.1	2.5	2.5	0.9	0.99	0.5	0.1	0.9	15	-9	0.12	79.5	0.965	1	0	1	1	1	0	0	0
20191012	024400	1112	0.10	0.09	0.00	0.09	5	1.00	0.95	16385400000.00	769266000000000.00		0	0	11	12	0	37.19	102.86	0.8	0.5	5	0.1	2.5	2.5	0.9	0.99	0.5	0.1	0.9	15	-9	0.12	79.5	0.965	1	0	1	1	1	0	0	0
20191012	024500	1112	0.13	0.09	0.00	0.09	3	1.00	0.95	887976000.00	531489000000000.00		0	0	11	12	0	37.19	102.86	0.8	0.5	5	0.1	2.5	2.5	0.9	0.99	0.5	0.1	0.9	15	-9	0.12	79.5	0.965	1	0	1	1	1	0	0	0
20191012	024600	1112	0.16	0.12	0.00	0.12	3	1.01	0.98	8060170000.00	730225000000000.00		0	0	11	12	0	37.19	102.86	0.8	0.5	5	0.1	2.5	2.5	0.9	0.99	0.5	0.1	0.9	15	-9	0.12	79.5	0.965	1	0	1	1	1	0	0	0
20191012	024700	1112	0.12	0.15	0.00	0.15	3	1.01	0.94	4008000000.00	710746000000000.00		0	0	11	12	0	37.19	102.86	0.8	0.5	5	0.1	2.5	2.5	0.9	0.99	0.5	0.1	0.9	15	-9	0.12	79.5	0.965	1	0	1	1	1	0	0	0
20191012	024800	1112	0.10	0.19	0.00	0.19	3	1.02	0.95	19405300000.00	803513000000000.00		0	0	11	12	0	37.19	102.86	0.8	0.5	5	0.1	2.5	2.5	0.9	0.99	0.5	0.1	0.9	15	-9	0.12	79.5	0.965	1	0	1	1	1	0	0	0
20191012	023800	1112	0.10	0.40	0.00	0.40	1	1.07	0.96	6076840000.00	830672000000000.00		0	0	11	12	0	37.19	102.86	0.8	0.5	5	0.1	2.5	2.5	0.9	0.99	0.5	0.1	0.9	15	-9	0.12	79.5	0.965	1	0	1	1	1	0	0	0
20191012	024900	1112	0.09	0.16	0.00	0.16	1	1.01	0.97	4341480000.00	730700000000000.00		0	0	11	12	0	37.19	102.86	0.8	0.5	5	0.1	2.5	2.5	0.9	0.99	0.5	0.1	0.9	15	-9	0.12	79.5	0.965	1	0	1	1	1	0	0	0
20191012	025000	1112	0.06	0.15	0.00	0.15	3	1.01	0.94	3490190000.00	694818000000000.00		0	0	11	12	0	37.19	102.86	0.8	0.5	5	0.1	2.5	2.5	0.9	0.99	0.5	0.1	0.9	15	-9	0.12	79.5	0.965	1	0	1	1	1	0	0	0
20191012	025100	1112	0.07	0.14	0.00	0.14	5	1.01	0.91	29166600000.00	902492000000000.00		0	0	11	12	0	37.19	102.86	0.8	0.5	5	0.1	2.5	2.5	0.9	0.99	0.5	0.1	0.9	15	-9	0.12	79.5	0.965	1	0	1	1	1	0	0	0
20191012	025200	1112	0.09	0.17	0.00	0.17	3	1.01	0.94	14898700000.00	829828000000000.00		0	0	11	12	0	37.19	102.86	0.8	0.5	5	0.1	2.5	2.5	0.9	0.99	0.5	0.1	0.9	15	-9	0.12	79.5	0.965	1	0	1	1	1	0	0	0
20191012	025300	1112	0.12	0.26	0.00	0.26	3	1.04	0.92	2733310000.00	710923000000000.00		0	0	11	12	0	37.19	102.86	0.8	0.5	5	0.1	2.5	2.5	0.9	0.99	0.5	0.1	0.9	15	-9	0.12	79.5	0.965	1	0	1	1	1	0	0	0
20191012	025400	1112	0.08	0.30	0.00	0.30	3	1.04	0.96	25852400000.00	1188910000000000.00		0	0	11	12	0	37.19	102.86	0.8	0.5	5	0.1	2.5	2.5	0.9	0.99	0.5	0.1	0.9	15	-9	0.12	79.5	0.965	1	0	1	1	1	0	0	0
20191012	025500	1112	0.09	0.35	0.00	0.35	3	1.05	0.96	17322600000.00	1222880000000000.00		0	0	11	12	0	37.19	102.86	0.8	0.5	5	0.1	2.5	2.5	0.9	0.99	0.5	0.1	0.9	15	-9	0.12	79.5	0.965	1	0	1	1	1	0	0	0
20191012	025600	1112	0.07	0.39	0.00	0.39	3	1.05	0.97	3338120000.00	749953000000000.00		0	0	11	12	0	37.19	102.86	0.8	0.5	5	0.1	2.5	2.5	0.9	0.99	0.5	0.1	0.9	15	-9	0.12	79.5	0.965	1	0	1	1	1	0	0	0
20191012	025700	1112	0.06	0.32	0.00	0.32	3	1.04	0.98	4703560000.00	764417000000000.00		0	0	11	12	0	37.19	102.86	0.8	0.5	5	0.1	2.5	2.5	0.9	0.99	0.5	0.1	0.9	15	-9	0.12	79.5	0.965	1	0	1	1	1	0	0	0
20191012	025800	1112	0.07	0.30	0.00	0.30	3	1.04	0.96	9512580000.00	820178000000000.00		0	0	11	12	0	37.19	102.86	0.8	0.5	5	0.1	2.5	2.5	0.9	0.99	0.5	0.1	0.9	15	-9	0.12	79.5	0.965	1	0	1	1	1	0	0	0
20191012	025900	1112	0.07	0.28	0.00	0.28	0	1.04	0.95	3532870000.00	926721000000000.00		0	0	11	12	0	37.19	102.86	0.8	0.5	5	0.1	2.5	2.5	0.9	0.99	0.5	0.1	0.9	15	-9	0.12	79.5	0.965	1	0	1	1	1	0	0	0
20191012	030000	1112	0.06	0.21	0.00	0.21	3	1.04	0.95	5300740000.00	840640000000000.00		0	0	11	12	0	37.19	102.86	0.8	0.5	5	0.1	2.5	2.5	0.9	0.99	0.5	0.1	0.9	15	-9	0.12	79.5	0.965	1	0	1	1	1	0	0	0
20191012	030100	1112	0.06	0.13	0.00	0.13	5	1.03	0.96	3000790000.00	753976000000000.00		0	0	11	12	0	37.19	102.86	0.8	0.5	5	0.1	2.5	2.5	0.9	0.99	0.5	0.1	0.9	15	-9	0.12	79.5	0.965	1	0	1	1	1	0	0	0
20191012	030200	1112	0.08	0.78	0.00	0.78	3	1.21	0.95	14248900000.00	840174000000000.00		0	0	11	12	0	37.19	102.86	0.8	0.5	5	0.1	2.5	2.5	0.9	0.99	0.5	0.1	0.9	15	-9	0.12	79.5	0.965	1	0	1	1	1	0	0	0
20191012	030300	1112	-2	-2	-2	-2	9	-2.00	1.00	19212700000.00	963078000000000.00		0	0	11	12	0	37.19	102.86	0.8	0.5	5	0.1	2.5	2.5	0.9	0.99	0.5	0.1	0.9	15	-9	0.12	79.5	0.965	1	0	1	1	1	0	0	0
20191012	030400	1112	0.09	0.74	0.00	0.74	0	1.09	0.94	16469900000.00	1080830000000000.00		0	0	11	12	0	37.19	102.86	0.8	0.5	5	0.1	2.5	2.5	0.9	0.99	0.5	0.1	0.9	15	-9	0.12	79.5	0.965	1	0	1	1	1	0	0	0
20191012	030500	1112	-2	-2	-2	-2	9	-2.00	1.00	24731500000.00	1060990000000000.00		0	0	11	12	0	37.19	102.86	0.8	0.5	5	0.1	2.5	2.5	0.9	0.99	0.5	0.1	0.9	15	-9	0.12	79.5	0.965	1	0	1	1	1	0	0	0
20191012	030600	1112	-2	-2	-2	-2	9	-2.00	1.00	20941000000.00	1072280000000000.00		0	0	11	12	0	37.19	102.86	0.8	0.5	5	0.1	2.5	2.5	0.9	0.99	0.5	0.1	0.9	15	-9	0.12	79.5	0.965	1	0	1	1	1	0	0	0
20191012	030700	1112	-2	-2	-2	-2	9	-2.00	1.00	32229800000.00	1452750000000000.00		0	0	11	12	0	37.19	102.86	0.8	0.5	5	0.1	2.5	2.5	0.9	0.99	0.5	0.1	0.9	15	-9	0.12	79.5	0.965	1	0	1	1	1	0	0	0
20191012	030800	1112	-2	-2	-2	-2	9	-2.00	1.00	37002100000.00	1380830000000000.00		0	0	11	12	0	37.19	102.86	0.8	0.5	5	0.1	2.5	2.5	0.9	0.99	0.5	0.1	0.9	15	-9	0.12	79.5	0.965	1	0	1	1	1	0	0	0
20191012	030900	1112	-2	-2	-2	-2	9	-2.00	1.00	51223900000.00	1320580000000000.00		0	0	11	12	0	37.19	102.86	0.8	0.5	5	0.1	2.5	2.5	0.9	0.99	0.5	0.1	0.9	15	-9	0.12	79.5	0.965	1	0	1	1	1	0	0	0
20191012	031000	1112	0.10	0.72	0.00	0.72	3	1.07	0.96	28690000000.00	1297560000000000.00		0	0	11	12	0	37.19	102.86	0.8	0.5	5	0.1	2.5	2.5	0.9	0.99	0.5	0.1	0.9	15	-9	0.12	79.5	0.965	1	0	1	1	1	0	0	0
20191012	031100	1112	0.09	0.73	0.00	0.73	3	1.08	0.97	24487500000.00	1025860000000000.00		0	0	11	12	0	37.19	102.86	0.8	0.5	5	0.1	2.5	2.5	0.9	0.99	0.5	0.1	0.9	15	-9	0.12	79.5	0.965	1	0	1	1	1	0	0	0
20191012	031200	1112	-2	-2	-2	-2	9	-2.00	1.00	27764500000.00	1058740000000000.00		0	0	11	12	0	37.19	102.86	0.8	0.5	5	0.1	2.5	2.5	0.9	0.99	0.5	0.1	0.9	15	-9	0.12	79.5	0.965	1	0	1	1	1	0	0	0
20191012	031300	1112	-2	-2	-2	-2	9	-2.00	1.00	22062900000.00	852384000000000.00		0	0	11	12	0	37.19	102.86	0.8	0.5	5	0.1	2.5	2.5	0.9	0.99	0.5	0.1	0.9	15	-9	0.12	79.5	0.965	1	0	1	1	1	0	0	0
20191012	031400	1112	0.09	0.64	0.00	0.64	3	1.07	0.93	41384700000.00	1096520000000000.00		0	0	11	12	0	37.19	102.86	0.8	0.5	5	0.1	2.5	2.5	0.9	0.99	0.5	0.1	0.9	15	-9	0.12	79.5	0.965	1	0	1	1	1	0	0	0
20191012	031500	1112	0.09	0.62	0.00	0.62	5	1.08	0.95	19664700000.00	1257940000000000.00		0	0	11	12	0	37.19	102.86	0.8	0.5	5	0.1	2.5	2.5	0.9	0.99	0.5	0.1	0.9	15	-9	0.12	79.5	0.965	1	0	1	1	1	0	0	0
20191012	031600	1112	0.09	0.41	0.00	0.41	5	1.04	0.96	10700200000.00	1223900000000000.00		0	0	11	12	0	37.19	102.86	0.8	0.5	5	0.1	2.5	2.5	0.9	0.99	0.5	0.1	0.9	15	-9	0.12	79.5	0.965	1	0	1	1	1	0	0	0
20191012	031700	1112	0.08	0.39	0.00	0.39	3	1.04	0.96	4441040000.00	1078350000000000.00		0	0	11	12	0	37.19	102.86	0.8	0.5	5	0.1	2.5	2.5	0.9	0.99	0.5	0.1	0.9	15	-9	0.12	79.5	0.965	1	0	1	1	1	0	0	0
20191012	031800	1112	0.06	0.38	0.00	0.38	3	1.04	0.95	4758390000.00	1169460000000000.00		0	0	11	12	0	37.19	102.86	0.8	0.5	5	0.1	2.5	2.5	0.9	0.99	0.5	0.1	0.9	15	-9	0.12	79.5	0.965	1	0	1	1	1	0	0	0
20191012	031900	1112	0.05	0.51	0.00	0.51	3	1.07	0.94	3455780000.00	1087220000000000.00		0	0	11	12	0	37.19	102.86	0.8	0.5	5	0.1	2.5	2.5	0.9	0.99	0.5	0.1	0.9	15	-9	0.12	79.5	0.965	1	0	1	1	1	0	0	0
20191012	032000	1112	0.05	0.53	0.00	0.53	5	1.07	0.92	18298400000.00	1109730000000000.00		0	0	11	12	0	37.19	102.86	0.8	0.5	5	0.1	2.5	2.5	0.9	0.99	0.5	0.1	0.9	15	-9	0.12	79.5	0.965	1	0	1	1	1	0	0	0
20191012	032100	1112	0.06	0.52	0.00	0.52	3	1.07	0.96	11226500000.00	1226560000000000.00		0	0	11	12	0	37.19	102.86	0.8	0.5	5	0.1	2.5	2.5	0.9	0.99	0.5	0.1	0.9	15	-9	0.12	79.5	0.965	1	0	1	1	1	0	0	0
20191012	032200	1112	0.05	0.48	0.00	0.48	3	1.07	0.95	13226700000.00	1115680000000000.00		0	0	11	12	0	37.19	102.86	0.8	0.5	5	0.1	2.5	2.5	0.9	0.99	0.5	0.1	0.9	15	-9	0.12	79.5	0.965	1	0	1	1	1	0	0	0
20191012	032300	1112	0.04	0.49	0.00	0.49	1	1.07	0.95	21814700000.00	791930000000000.00		0	0	11	12	0	37.19	102.86	0.8	0.5	5	0.1	2.5	2.5	0.9	0.99	0.5	0.1	0.9	15	-9	0.12	79.5	0.965	1	0	1	1	1	0	0	0
20191012	032400	1112	0.07	0.49	0.00	0.49	3	1.08	0.97	1544350000.00	767336000000000.00		0	0	11	12	0	37.19	102.86	0.8	0.5	5	0.1	2.5	2.5	0.9	0.99	0.5	0.1	0.9	15	-9	0.12	79.5	0.965	1	0	1	1	1	0	0	0
20191012	032500	1112	0.07	0.50	0.00	0.50	3	1.07	0.96	27161400000.00	773194000000000.00		0	0	11	12	0	37.19	102.86	0.8	0.5	5	0.1	2.5	2.5	0.9	0.99	0.5	0.1	0.9	15	-9	0.12	79.5	0.965	1	0	1	1	1	0	0	0
20191012	032600	1112	0.08	0.52	0.00	0.52	3	1.08	0.96	24811500000.00	759244000000000.00		0	0	11	12	0	37.19	102.86	0.8	0.5	5	0.1	2.5	2.5	0.9	0.99	0.5	0.1	0.9	15	-9	0.12	79.5	0.965	1	0	1	1	1	0	0	0
20191012	032700	1112	0.09	0.54	0.00	0.54	3	1.08	0.92	24170800000.00	861095000000000.00		0	0	11	12	0	37.19	102.86	0.8	0.5	5	0.1	2.5	2.5	0.9	0.99	0.5	0.1	0.9	15	-9	0.12	79.5	0.965	1	0	1	1	1	0	0	0
20191012	032800	1112	0.09	0.54	0.00	0.54	3	1.09	0.96	18304900000.00	1023610000000000.00		0	0	11	12	0	37.19	102.86	0.8	0.5	5	0.1	2.5	2.5	0.9	0.99	0.5	0.1	0.9	15	-9	0.12	79.5	0.965	1	0	1	1	1	0	0	0
20191012	032900	1112	0.06	0.51	0.00	0.51	3	1.08	0.96	4224590000.00	844626000000000.00		0	0	11	12	0	37.19	102.86	0.8	0.5	5	0.1	2.5	2.5	0.9	0.99	0.5	0.1	0.9	15	-9	0.12	79.5	0.965	1	0	1	1	1	0	0	0
20191012	033000	1112	0.04	0.48	0.00	0.48	3	1.07	0.94	1981840000.00	713011000000000.00		0	0	11	12	0	37.19	102.86	0.8	0.5	5	0.1	2.5	2.5	0.9	0.99	0.5	0.1	0.9	15	-9	0.12	79.5	0.965	1	0	1	1	1	0	0	0
20191012	033100	1112	0.02	0.48	0.00	0.48	3	1.07	0.96	8756100000.00	743035000000000.00		0	0	11	12	0	37.19	102.86	0.8	0.5	5	0.1	2.5	2.5	0.9	0.99	0.5	0.1	0.9	15	-9	0.12	79.5	0.965	1	0	1	1	1	0	0	0
20191012	033200	1112	0.03	0.47	0.00	0.47	3	1.08	0.96	4248190000.00	729889000000000.00		0	0	11	12	0	37.19	102.86	0.8	0.5	5	0.1	2.5	2.5	0.9	0.99	0.5	0.1	0.9	15	-9	0.12	79.5	0.965	1	0	1	1	1	0	0	0
20191012	033300	1112	0.02	0.43	0.00	0.43	3	1.06	0.96	2893970000.00	918506000000000.00		0	0	11	12	0	37.19	102.86	0.8	0.5	5	0.1	2.5	2.5	0.9	0.99	0.5	0.1	0.9	15	-9	0.12	79.5	0.965	1	0	1	1	1	0	0	0
20191012	033400	1112	0.03	0.46	0.00	0.46	3	1.06	0.92	37229100000.00	1206040000000000.00		0	0	11	12	0	37.19	102.86	0.8	0.5	5	0.1	2.5	2.5	0.9	0.99	0.5	0.1	0.9	15	-9	0.12	79.5	0.965	1	0	1	1	1	0	0	0
20191012	033500	1112	0.03	0.48	0.00	0.48	3	1.06	0.97	47903300000.00	1118320000000000.00		0	0	11	12	0	37.19	102.86	0.8	0.5	5	0.1	2.5	2.5	0.9	0.99	0.5	0.1	0.9	15	-9	0.12	79.5	0.965	1	0	1	1	1	0	0	0
20191012	033600	1112	0.03	0.50	0.00	0.50	3	1.06	0.95	21530900000.00	1192200000000000.00		0	0	11	12	0	37.19	102.86	0.8	0.5	5	0.1	2.5	2.5	0.9	0.99	0.5	0.1	0.9	15	-9	0.12	79.5	0.965	1	0	1	1	1	0	0	0
20191012	033700	1112	0.02	0.54	0.00	0.54	5	1.09	0.97	4682370000.00	869019000000000.00		0	0	11	12	0	37.19	102.86	0.8	0.5	5	0.1	2.5	2.5	0.9	0.99	0.5	0.1	0.9	15	-9	0.12	79.5	0.965	1	0	1	1	1	0	0	0
20191012	033800	1112	0.02	0.47	0.00	0.47	3	1.07	0.97	9266250000.00	1332760000000000.00		0	0	11	12	0	37.19	102.86	0.8	0.5	5	0.1	2.5	2.5	0.9	0.99	0.5	0.1	0.9	15	-9	0.12	79.5	0.965	1	0	1	1	1	0	0	0
20191012	033900	1112	-2	-2	-2	-2	9	-2.00	1.00	7477240000.00	1232090000000000.00		0	0	11	12	0	37.19	102.86	0.8	0.5	5	0.1	2.5	2.5	0.9	0.99	0.5	0.1	0.9	15	-9	0.12	79.5	0.965	1	0	1	1	1	0	0	0
20191012	034000	1112	0.03	0.65	0.00	0.65	3	1.08	0.95	6109700000.00	1223200000000000.00		0	0	11	12	0	37.19	102.86	0.8	0.5	5	0.1	2.5	2.5	0.9	0.99	0.5	0.1	0.9	15	-9	0.12	79.5	0.965	1	0	1	1	1	0	0	0
20191012	034100	1112	0.02	0.60	0.00	0.60	3	1.07	0.97	23173800000.00	1101620000000000.00		0	0	11	12	0	37.19	102.86	0.8	0.5	5	0.1	2.5	2.5	0.9	0.99	0.5	0.1	0.9	15	-9	0.12	79.5	0.965	1	0	1	1	1	0	0	0
20191012	034200	1112	0.02	0.57	0.00	0.57	3	1.05	0.96	42252900000.00	1362870000000000.00		0	0	11	12	0	37.19	102.86	0.8	0.5	5	0.1	2.5	2.5	0.9	0.99	0.5	0.1	0.9	15	-9	0.12	79.5	0.965	1	0	1	1	1	0	0	0
20191012	034300	1112	0.02	0.57	0.00	0.57	3	1.05	0.97	19063200000.00	1283450000000000.00		0	0	11	12	0	37.19	102.86	0.8	0.5	5	0.1	2.5	2.5	0.9	0.99	0.5	0.1	0.9	15	-9	0.12	79.5	0.965	1	0	1	1	1	0	0	0
20191012	034400	1112	0.01	0.57	0.00	0.57	1	1.07	0.97	7727820000.00	1428900000000000.00		0	0	11	12	0	37.19	102.86	0.8	0.5	5	0.1	2.5	2.5	0.9	0.99	0.5	0.1	0.9	15	-9	0.12	79.5	0.965	1	0	1	1	1	0	0	0
20191012	034500	1112	0.01	0.59	0.00	0.59	3	1.09	0.97	3033960000.00	832036000000000.00		0	0	11	12	0	37.19	102.86	0.8	0.5	5	0.1	2.5	2.5	0.9	0.99	0.5	0.1	0.9	15	-9	0.12	79.5	0.965	1	0	1	1	1	0	0	0
20191012	034600	1112	0.01	0.59	0.00	0.59	3	1.10	0.98	4853200000.00	968505000000000.00		0	0	11	12	0	37.19	102.86	0.8	0.5	5	0.1	2.5	2.5	0.9	0.99	0.5	0.1	0.9	15	-9	0.12	79.5	0.965	1	0	1	1	1	0	0	0
20191012	034700	1112	0.01	0.42	0.00	0.42	3	1.05	0.97	4182450000.00	1265840000000000.00		0	0	11	12	0	37.19	102.86	0.8	0.5	5	0.1	2.5	2.5	0.9	0.99	0.5	0.1	0.9	15	-9	0.12	79.5	0.965	1	0	1	1	1	0	0	0
20191012	034800	1112	0.01	0.42	0.00	0.42	3	1.05	0.96	2387970000.00	836620000000000.00		0	0	11	12	0	37.19	102.86	0.8	0.5	5	0.1	2.5	2.5	0.9	0.99	0.5	0.1	0.9	15	-9	0.12	79.5	0.965	1	0	1	1	1	0	0	0
20191012	034900	1112	0.02	0.44	0.00	0.44	3	1.05	0.96	8874020000.00	1249570000000000.00		0	0	11	12	0	37.19	102.86	0.8	0.5	5	0.1	2.5	2.5	0.9	0.99	0.5	0.1	0.9	15	-9	0.12	79.5	0.965	1	0	1	1	1	0	0	0
20191012	035000	1112	0.04	0.45	0.00	0.45	3	1.05	0.98	4133100000.00	1336980000000000.00		0	0	11	12	0	37.19	102.86	0.8	0.5	5	0.1	2.5	2.5	0.9	0.99	0.5	0.1	0.9	15	-9	0.12	79.5	0.965	1	0	1	1	1	0	0	0
20191012	035100	1112	0.02	0.46	0.00	0.46	3	1.04	0.97	10667300000.00	1127870000000000.00		0	0	11	12	0	37.19	102.86	0.8	0.5	5	0.1	2.5	2.5	0.9	0.99	0.5	0.1	0.9	15	-9	0.12	79.5	0.965	1	0	1	1	1	0	0	0
20191012	035200	1112	0.02	0.46	0.00	0.46	3	1.05	0.96	13914900000.00	1429820000000000.00		0	0	11	12	0	37.19	102.86	0.8	0.5	5	0.1	2.5	2.5	0.9	0.99	0.5	0.1	0.9	15	-9	0.12	79.5	0.965	1	0	1	1	1	0	0	0
20191012	035300	1112	0.01	0.46	0.00	0.46	3	1.05	0.96	11223600000.00	1534690000000000.00		0	0	11	12	0	37.19	102.86	0.8	0.5	5	0.1	2.5	2.5	0.9	0.99	0.5	0.1	0.9	15	-9	0.12	79.5	0.965	1	0	1	1	1	0	0	0
20191012	035400	1112	0.01	0.45	0.00	0.45	3	1.06	0.96	1982540000.00	1345660000000000.00		0	0	11	12	0	37.19	102.86	0.8	0.5	5	0.1	2.5	2.5	0.9	0.99	0.5	0.1	0.9	15	-9	0.12	79.5	0.965	1	0	1	1	1	0	0	0
20191012	035500	1112	0.01	0.45	0.00	0.45	3	1.06	0.96	6048800000.00	1264820000000000.00		0	0	11	12	0	37.19	102.86	0.8	0.5	5	0.1	2.5	2.5	0.9	0.99	0.5	0.1	0.9	15	-9	0.12	79.5	0.965	1	0	1	1	1	0	0	0
20191012	035600	1112	0.01	0.47	0.00	0.47	3	1.06	0.96	3962360000.00	1369860000000000.00		0	0	11	12	0	37.19	102.86	0.8	0.5	5	0.1	2.5	2.5	0.9	0.99	0.5	0.1	0.9	15	-9	0.12	79.5	0.965	1	0	1	1	1	0	0	0
20191012	035700	1112	0.01	0.45	0.00	0.45	3	1.06	0.98	6200570000.00	1052780000000000.00		0	0	11	12	0	37.19	102.86	0.8	0.5	5	0.1	2.5	2.5	0.9	0.99	0.5	0.1	0.9	15	-9	0.12	79.5	0.965	1	0	1	1	1	0	0	0
20191012	035800	1112	0.01	0.43	0.00	0.43	5	1.06	0.98	2803770000.00	1153720000000000.00		0	0	11	12	0	37.19	102.86	0.8	0.5	5	0.1	2.5	2.5	0.9	0.99	0.5	0.1	0.9	15	-9	0.12	79.5	0.965	1	0	1	1	1	0	0	0
20191012	035900	1112	0.01	0.43	0.00	0.43	3	1.06	0.98	2760510000.00	1103920000000000.00		0	0	11	12	0	37.19	102.86	0.8	0.5	5	0.1	2.5	2.5	0.9	0.99	0.5	0.1	0.9	15	-9	0.12	79.5	0.965	1	0	1	1	1	0	0	0
20191012	040000	1112	0.02	0.44	0.00	0.44	3	1.05	0.98	15424700000.00	1067930000000000.00		0	0	11	12	0	37.19	102.86	0.8	0.5	5	0.1	2.5	2.5	0.9	0.99	0.5	0.1	0.9	15	-9	0.12	79.5	0.965	1	0	1	1	1	0	0	0
20191012	040100	1112	0.03	0.46	0.00	0.46	3	1.05	0.97	5323180000.00	1115670000000000.00		0	0	11	12	0	37.19	102.86	0.8	0.5	5	0.1	2.5	2.5	0.9	0.99	0.5	0.1	0.9	15	-9	0.12	79.5	0.965	1	0	1	1	1	0	0	0
20191012	040200	1112	0.03	0.48	0.00	0.48	3	1.06	0.98	4291190000.00	940156000000000.00		0	0	11	12	0	37.19	102.86	0.8	0.5	5	0.1	2.5	2.5	0.9	0.99	0.5	0.1	0.9	15	-9	0.12	79.5	0.965	1	0	1	1	1	0	0	0
20191012	040300	1112	0.03	0.50	0.00	0.50	3	1.05	0.95	5868550000.00	997552000000000.00		0	0	11	12	0	37.19	102.86	0.8	0.5	5	0.1	2.5	2.5	0.9	0.99	0.5	0.1	0.9	15	-9	0.12	79.5	0.965	1	0	1	1	1	0	0	0
20191012	040400	1112	0.03	0.52	0.00	0.52	3	1.05	0.96	5889180000.00	1269130000000000.00		0	0	11	12	0	37.19	102.86	0.8	0.5	5	0.1	2.5	2.5	0.9	0.99	0.5	0.1	0.9	15	-9	0.12	79.5	0.965	1	0	1	1	1	0	0	0
20191012	040500	1112	0.05	0.67	0.00	0.67	3	1.11	0.96	8975640000.00	1114000000000000.00		0	0	11	12	0	37.19	102.86	0.8	0.5	5	0.1	2.5	2.5	0.9	0.99	0.5	0.1	0.9	15	-9	0.12	79.5	0.965	1	0	1	1	1	0	0	0
20191012	040600	1112	0.06	0.66	0.00	0.66	3	1.10	0.96	2766570000.00	1355500000000000.00		0	0	11	12	0	37.19	102.86	0.8	0.5	5	0.1	2.5	2.5	0.9	0.99	0.5	0.1	0.9	15	-9	0.12	79.5	0.965	1	0	1	1	1	0	0	0
20191012	040700	1112	0.07	0.64	0.01	0.63	3	1.09	0.97	6175240000.00	1625000000000000.00		0	0	11	12	0	37.19	102.86	0.8	0.5	5	0.1	2.5	2.5	0.9	0.99	0.5	0.1	0.9	15	-9	0.12	79.5	0.965	1	0	1	1	1	0	0	0
20191012	040800	1112	0.10	0.60	0.00	0.60	3	1.07	0.87	12839600000.00	1618720000000000.00		0	0	11	12	0	37.19	102.86	0.8	0.5	5	0.1	2.5	2.5	0.9	0.99	0.5	0.1	0.9	15	-9	0.12	79.5	0.965	1	0	1	1	1	0	0	0
20191012	040900	1112	0.12	0.63	0.00	0.63	3	1.06	0.97	8205150000.00	1612140000000000.00		0	0	11	12	0	37.19	102.86	0.8	0.5	5	0.1	2.5	2.5	0.9	0.99	0.5	0.1	0.9	15	-9	0.12	79.5	0.965	1	0	1	1	1	0	0	0
20191012	041000	1112	0.09	0.65	0.00	0.65	3	1.06	0.96	2861540000.00	1513100000000000.00		0	0	11	12	0	37.19	102.86	0.8	0.5	5	0.1	2.5	2.5	0.9	0.99	0.5	0.1	0.9	15	-9	0.12	79.5	0.965	1	0	1	1	1	0	0	0
20191012	041100	1112	0.08	0.66	0.00	0.66	3	1.07	0.96	2800020000.00	1593790000000000.00		0	0	11	12	0	37.19	102.86	0.8	0.5	5	0.1	2.5	2.5	0.9	0.99	0.5	0.1	0.9	15	-9	0.12	79.5	0.965	1	0	1	1	1	0	0	0
20191012	041200	1112	0.06	0.68	0.00	0.68	3	1.07	0.95	2453030000.00	1099660000000000.00		0	0	11	12	0	37.19	102.86	0.8	0.5	5	0.1	2.5	2.5	0.9	0.99	0.5	0.1	0.9	15	-9	0.12	79.5	0.965	1	0	1	1	1	0	0	0
20191012	041300	1112	0.06	0.68	0.00	0.68	3	1.06	0.96	5835580000.00	1456240000000000.00		0	0	11	12	0	37.19	102.86	0.8	0.5	5	0.1	2.5	2.5	0.9	0.99	0.5	0.1	0.9	15	-9	0.12	79.5	0.965	1	0	1	1	1	0	0	0
20191012	041400	1112	0.09	0.67	0.00	0.67	3	1.05	0.97	2213960000.00	1798590000000000.00		0	0	11	12	0	37.19	102.86	0.8	0.5	5	0.1	2.5	2.5	0.9	0.99	0.5	0.1	0.9	15	-9	0.12	79.5	0.965	1	0	1	1	1	0	0	0
20191012	041500	1112	0.10	0.68	0.00	0.68	3	1.06	0.96	7858520000.00	1897610000000000.00		0	0	11	12	0	37.19	102.86	0.8	0.5	5	0.1	2.5	2.5	0.9	0.99	0.5	0.1	0.9	15	-9	0.12	79.5	0.965	1	0	1	1	1	0	0	0
20191012	041600	1112	0.09	0.67	0.00	0.67	3	1.05	0.97	3481030000.00	1860840000000000.00		0	0	11	12	0	37.19	102.86	0.8	0.5	5	0.1	2.5	2.5	0.9	0.99	0.5	0.1	0.9	15	-9	0.12	79.5	0.965	1	0	1	1	1	0	0	0
20191012	041700	1112	0.06	0.68	0.00	0.68	3	1.04	0.96	2015380000.00	1670290000000000.00		0	0	11	12	0	37.19	102.86	0.8	0.5	5	0.1	2.5	2.5	0.9	0.99	0.5	0.1	0.9	15	-9	0.12	79.5	0.965	1	0	1	1	1	0	0	0
20191012	041800	1112	0.06	0.68	0.00	0.68	3	1.04	0.98	3387680000.00	1828780000000000.00		0	0	11	12	0	37.19	102.86	0.8	0.5	5	0.1	2.5	2.5	0.9	0.99	0.5	0.1	0.9	15	-9	0.12	79.5	0.965	1	0	1	1	1	0	0	0
20191012	041900	1112	0.06	0.69	0.00	0.69	3	1.05	0.97	19864500000.00	1758480000000000.00		0	0	11	12	0	37.19	102.86	0.8	0.5	5	0.1	2.5	2.5	0.9	0.99	0.5	0.1	0.9	15	-9	0.12	79.5	0.965	1	0	1	1	1	0	0	0
20191012	042000	1112	0.04	0.69	0.00	0.69	3	1.04	0.96	9549540000.00	764911000000000.00		0	0	11	12	0	37.19	102.86	0.8	0.5	5	0.1	2.5	2.5	0.9	0.99	0.5	0.1	0.9	15	-9	0.12	79.5	0.965	1	0	1	1	1	0	0	0
20191012	042100	1112	0.05	0.70	0.00	0.70	3	1.07	0.96	2623640000.00	712041000000000.00		0	0	11	12	0	37.19	102.86	0.8	0.5	5	0.1	2.5	2.5	0.9	0.99	0.5	0.1	0.9	15	-9	0.12	79.5	0.965	1	0	1	1	1	0	0	0
20191012	042200	1112	0.07	0.72	0.00	0.72	3	1.07	0.87	2463490000.00	1831010000000000.00		0	0	11	12	0	37.19	102.86	0.8	0.5	5	0.1	2.5	2.5	0.9	0.99	0.5	0.1	0.9	15	-9	0.12	79.5	0.965	1	0	1	1	1	0	0	0
20191012	042300	1112	0.05	0.75	0.00	0.75	3	1.07	0.92	5913220000.00	1593770000000000.00		0	0	11	12	0	37.19	102.86	0.8	0.5	5	0.1	2.5	2.5	0.9	0.99	0.5	0.1	0.9	15	-9	0.12	79.5	0.965	1	0	1	1	1	0	0	0
20191012	042400	1112	0.04	0.72	0.00	0.72	3	1.08	0.95	22246100000.00	1552800000000000.00		0	0	11	12	0	37.19	102.86	0.8	0.5	5	0.1	2.5	2.5	0.9	0.99	0.5	0.1	0.9	15	-9	0.12	79.5	0.965	1	0	1	1	1	0	0	0
20191012	042500	1112	0.05	0.71	0.00	0.71	3	1.07	0.96	17264100000.00	1459880000000000.00		0	0	11	12	0	37.19	102.86	0.8	0.5	5	0.1	2.5	2.5	0.9	0.99	0.5	0.1	0.9	15	-9	0.12	79.5	0.965	1	0	1	1	1	0	0	0
20191012	042600	1112	0.06	0.75	0.00	0.75	3	1.09	0.96	413457000.00	720174000000000.00		0	0	11	12	0	37.19	102.86	0.8	0.5	5	0.1	2.5	2.5	0.9	0.99	0.5	0.1	0.9	15	-9	0.12	79.5	0.965	1	0	1	1	1	0	0	0
20191012	042700	1112	0.07	0.76	0.00	0.76	3	1.09	0.96	10762500000.00	1376960000000000.00		0	0	11	12	0	37.19	102.86	0.8	0.5	5	0.1	2.5	2.5	0.9	0.99	0.5	0.1	0.9	15	-9	0.12	79.5	0.965	1	0	1	1	1	0	0	0
20191012	042800	1112	0.06	0.75	0.00	0.75	3	1.09	0.96	1.51	1238.89		0	0	11	12	0	37.19	102.86	0.8	0.5	5	0.1	2.5	2.5	0.9	0.99	0.5	0.1	0.9	15	-9	0.12	79.5	0.965	1	0	1	1	1	0	0	0
20191012	042900	1112	0.06	0.76	0.00	0.76	3	1.09	0.92	8992870000.00	900047000000000.00		0	0	11	12	0	37.19	102.86	0.8	0.5	5	0.1	2.5	2.5	0.9	0.99	0.5	0.1	0.9	15	-9	0.12	79.5	0.965	1	0	1	1	1	0	0	0
20191012	043000	1112	0.08	0.63	0.00	0.63	3	1.07	0.95	3569960000.00	963868000000000.00		0	0	11	12	0	37.19	102.86	0.8	0.5	5	0.1	2.5	2.5	0.9	0.99	0.5	0.1	0.9	15	-9	0.12	79.5	0.965	1	0	1	1	1	0	0	0
20191012	043100	1112	0.10	0.65	0.00	0.65	3	1.07	0.98	2480870000.00	1501140000000000.00		0	0	11	12	0	37.19	102.86	0.8	0.5	5	0.1	2.5	2.5	0.9	0.99	0.5	0.1	0.9	15	-9	0.12	79.5	0.965	1	0	1	1	1	0	0	0
20191012	043200	1112	0.08	0.67	0.00	0.67	3	1.07	0.97	12914500000.00	1675520000000000.00		0	0	11	12	0	37.19	102.86	0.8	0.5	5	0.1	2.5	2.5	0.9	0.99	0.5	0.1	0.9	15	-9	0.12	79.5	0.965	1	0	1	1	1	0	0	0
20191012	043400	1112	0.11	0.67	0.00	0.67	3	1.07	0.96	1255850000.00	569687000000000.00		0	0	11	12	0	37.19	102.86	0.8	0.5	5	0.1	2.5	2.5	0.9	0.99	0.5	0.1	0.9	15	-9	0.12	79.5	0.965	1	0	1	1	1	0	0	0
20191012	043500	1112	0.11	0.69	0.00	0.69	3	1.06	0.96	1661470000.00	580235000000000.00		0	0	11	12	0	37.19	102.86	0.8	0.5	5	0.1	2.5	2.5	0.9	0.99	0.5	0.1	0.9	15	-9	0.12	79.5	0.965	1	0	1	1	1	0	0	0
20191012	043600	1112	0.11	0.69	0.01	0.68	3	1.06	0.98	1055750000.00	602887000000000.00		0	0	11	12	0	37.19	102.86	0.8	0.5	5	0.1	2.5	2.5	0.9	0.99	0.5	0.1	0.9	15	-9	0.12	79.5	0.965	1	0	1	1	1	0	0	0
20191012	043700	1112	0.07	0.66	0.00	0.66	3	1.06	0.96	808471000.00	565654000000000.00		0	0	11	12	0	37.19	102.86	0.8	0.5	5	0.1	2.5	2.5	0.9	0.99	0.5	0.1	0.9	15	-9	0.12	79.5	0.965	1	0	1	1	1	0	0	0
20191012	043800	1112	0.05	0.64	0.00	0.64	3	1.06	0.96	11213100000.00	927931000000000.00		0	0	11	12	0	37.19	102.86	0.8	0.5	5	0.1	2.5	2.5	0.9	0.99	0.5	0.1	0.9	15	-9	0.12	79.5	0.965	1	0	1	1	1	0	0	0
20191012	043900	1112	0.04	0.73	0.00	0.73	3	1.11	0.95	8024760000.00	804795000000000.00		0	0	11	12	0	37.19	102.86	0.8	0.5	5	0.1	2.5	2.5	0.9	0.99	0.5	0.1	0.9	15	-9	0.12	79.5	0.965	1	0	1	1	1	0	0	0
20191012	044000	1112	0.03	0.63	0.00	0.63	3	1.05	0.98	3504740000.00	1328100000000000.00		0	0	11	12	0	37.19	102.86	0.8	0.5	5	0.1	2.5	2.5	0.9	0.99	0.5	0.1	0.9	15	-9	0.12	79.5	0.965	1	0	1	1	1	0	0	0
20191012	044100	1112	0.03	0.70	0.00	0.70	3	1.09	0.95	1748180000.00	1674790000000000.00		0	0	11	12	0	37.19	102.86	0.8	0.5	5	0.1	2.5	2.5	0.9	0.99	0.5	0.1	0.9	15	-9	0.12	79.5	0.965	1	0	1	1	1	0	0	0
20191012	044200	1112	0.04	0.69	0.00	0.69	3	1.08	0.96	1840790000.00	1632470000000000.00		0	0	11	12	0	37.19	102.86	0.8	0.5	5	0.1	2.5	2.5	0.9	0.99	0.5	0.1	0.9	15	-9	0.12	79.5	0.965	1	0	1	1	1	0	0	0
20191012	044300	1112	0.04	0.68	0.00	0.68	3	1.07	0.97	663659000.00	569072000000000.00		0	0	11	12	0	37.19	102.86	0.8	0.5	5	0.1	2.5	2.5	0.9	0.99	0.5	0.1	0.9	15	-9	0.12	79.5	0.965	1	0	1	1	1	0	0	0
20191012	043300	1112	0.09	0.68	0.00	0.68	3	1.07	0.98	2695520000.00	1607940000000000.00		0	0	11	12	0	37.19	102.86	0.8	0.5	5	0.1	2.5	2.5	0.9	0.99	0.5	0.1	0.9	15	-9	0.12	79.5	0.965	1	0	1	1	1	0	0	0
20191012	044400	1112	0.04	0.70	0.00	0.70	3	1.07	0.96	7773770000.00	1774150000000000.00		0	0	11	12	0	37.19	102.86	0.8	0.5	5	0.1	2.5	2.5	0.9	0.99	0.5	0.1	0.9	15	-9	0.12	79.5	0.965	1	0	1	1	1	0	0	0
20191012	044500	1112	0.04	0.71	0.00	0.71	3	1.07	0.98	2369140000.00	1057850000000000.00		0	0	11	12	0	37.19	102.86	0.8	0.5	5	0.1	2.5	2.5	0.9	0.99	0.5	0.1	0.9	15	-9	0.12	79.5	0.965	1	0	1	1	1	0	0	0
20191012	044600	1112	0.04	0.70	0.00	0.70	3	1.05	0.90	56996900000.00	1924840000000000.00		0	0	11	12	0	37.19	102.86	0.8	0.5	5	0.1	2.5	2.5	0.9	0.99	0.5	0.1	0.9	15	-9	0.12	79.5	0.965	1	0	1	1	1	0	0	0
20191012	044700	1112	0.04	0.73	0.00	0.73	3	1.06	0.97	10794900000.00	1043250000000000.00		0	0	11	12	0	37.19	102.86	0.8	0.5	5	0.1	2.5	2.5	0.9	0.99	0.5	0.1	0.9	15	-9	0.12	79.5	0.965	1	0	1	1	1	0	0	0
20191012	044800	1112	0.04	0.72	0.00	0.72	3	1.03	0.96	1052480000.00	628666000000000.00		0	0	11	12	0	37.19	102.86	0.8	0.5	5	0.1	2.5	2.5	0.9	0.99	0.5	0.1	0.9	15	-9	0.12	79.5	0.965	1	0	1	1	1	0	0	0
20191012	044900	1112	0.04	0.70	0.00	0.70	3	1.01	0.97	1270140000.00	753549000000000.00		0	0	11	12	0	37.19	102.86	0.8	0.5	5	0.1	2.5	2.5	0.9	0.99	0.5	0.1	0.9	15	-9	0.12	79.5	0.965	1	0	1	1	1	0	0	0
20191012	045000	1112	0.03	0.69	0.00	0.69	3	0.99	0.98	3372390000.00	787301000000000.00		0	0	11	12	0	37.19	102.86	0.8	0.5	5	0.1	2.5	2.5	0.9	0.99	0.5	0.1	0.9	15	-9	0.12	79.5	0.965	1	0	1	1	1	0	0	0
20191012	045100	1112	0.03	0.67	0.00	0.67	3	0.99	0.98	9585680000.00	726482000000000.00		0	0	11	12	0	37.19	102.86	0.8	0.5	5	0.1	2.5	2.5	0.9	0.99	0.5	0.1	0.9	15	-9	0.12	79.5	0.965	1	0	1	1	1	0	0	0
20191012	045200	1112	0.02	0.65	0.00	0.65	3	0.98	1.00	2397280000.00	1414800000000000.00		0	0	11	12	0	37.19	102.86	0.8	0.5	5	0.1	2.5	2.5	0.9	0.99	0.5	0.1	0.9	15	-9	0.12	79.5	0.965	1	0	1	1	1	0	0	0
20191012	045300	1112	0.03	0.65	0.00	0.65	3	0.98	0.96	1.61	753.81		0	0	11	12	0	37.19	102.86	0.8	0.5	5	0.1	2.5	2.5	0.9	0.99	0.5	0.1	0.9	15	-9	0.12	79.5	0.965	1	0	1	1	1	0	0	0
20191012	045400	1112	0.04	0.65	0.00	0.65	3	0.99	0.96	1204870000.00	754626000000000.00		0	0	11	12	0	37.19	102.86	0.8	0.5	5	0.1	2.5	2.5	0.9	0.99	0.5	0.1	0.9	15	-9	0.12	79.5	0.965	1	0	1	1	1	0	0	0
20191012	045500	1112	0.04	0.66	0.00	0.66	3	0.99	0.95	2552730000.00	545362000000000.00		0	0	11	12	0	37.19	102.86	0.8	0.5	5	0.1	2.5	2.5	0.9	0.99	0.5	0.1	0.9	15	-9	0.12	79.5	0.965	1	0	1	1	1	0	0	0
20191012	045600	1112	0.04	0.67	0.00	0.67	3	0.99	0.96	2545420000.00	1058240000000000.00		0	0	11	12	0	37.19	102.86	0.8	0.5	5	0.1	2.5	2.5	0.9	0.99	0.5	0.1	0.9	15	-9	0.12	79.5	0.965	1	0	1	1	1	0	0	0
20191012	045700	1112	0.04	0.69	0.00	0.69	3	0.99	0.96	7856220000.00	1128900000000000.00		0	0	11	12	0	37.19	102.86	0.8	0.5	5	0.1	2.5	2.5	0.9	0.99	0.5	0.1	0.9	15	-9	0.12	79.5	0.965	1	0	1	1	1	0	0	0
20191012	045800	1112	0.03	0.67	0.00	0.67	3	0.98	0.96	8859890000.00	813940000000000.00		0	0	11	12	0	37.19	102.86	0.8	0.5	5	0.1	2.5	2.5	0.9	0.99	0.5	0.1	0.9	15	-9	0.12	79.5	0.965	1	0	1	1	1	0	0	0
20191012	045900	1112	0.03	0.68	0.00	0.68	5	0.98	0.96	5693030000.00	1475770000000000.00		0	0	11	12	0	37.19	102.86	0.8	0.5	5	0.1	2.5	2.5	0.9	0.99	0.5	0.1	0.9	15	-9	0.12	79.5	0.965	1	0	1	1	1	0	0	0
20191012	050000	1112	0.04	0.69	0.00	0.69	3	0.99	0.97	13087200000.00	1218980000000000.00		0	0	11	12	0	37.19	102.86	0.8	0.5	5	0.1	2.5	2.5	0.9	0.99	0.5	0.1	0.9	15	-9	0.12	79.5	0.965	1	0	1	1	1	0	0	0
20191012	050100	1112	0.04	0.70	0.00	0.70	3	1.00	0.96	6735220000.00	867541000000000.00		0	0	11	12	0	37.19	102.86	0.8	0.5	5	0.1	2.5	2.5	0.9	0.99	0.5	0.1	0.9	15	-9	0.12	79.5	0.965	1	0	1	1	1	0	0	0
20191012	050200	1112	0.04	0.71	0.00	0.71	3	1.01	0.96	3636770000.00	1014080000000000.00		0	0	11	12	0	37.19	102.86	0.8	0.5	5	0.1	2.5	2.5	0.9	0.99	0.5	0.1	0.9	15	-9	0.12	79.5	0.965	1	0	1	1	1	0	0	0
20191012	050300	1112	0.04	0.68	0.00	0.68	3	1.00	0.84	40055500000.00	1207470000000000.00		0	0	11	12	0	37.19	102.86	0.8	0.5	5	0.1	2.5	2.5	0.9	0.99	0.5	0.1	0.9	15	-9	0.12	79.5	0.965	1	0	1	1	1	0	0	0
20191012	050400	1112	0.04	0.71	0.00	0.71	3	1.00	0.89	33756300000.00	1099280000000000.00		0	0	11	12	0	37.19	102.86	0.8	0.5	5	0.1	2.5	2.5	0.9	0.99	0.5	0.1	0.9	15	-9	0.12	79.5	0.965	1	0	1	1	1	0	0	0
20191012	050500	1112	0.06	0.75	0.00	0.75	3	1.03	0.95	2081460000.00	865388000000000.00		0	0	11	12	0	37.19	102.86	0.8	0.5	5	0.1	2.5	2.5	0.9	0.99	0.5	0.1	0.9	15	-9	0.12	79.5	0.965	1	0	1	1	1	0	0	0
20191012	050600	1112	0.04	0.78	0.00	0.78	3	1.02	0.96	8605080000.00	1254890000000000.00		0	0	11	12	0	37.19	102.86	0.8	0.5	5	0.1	2.5	2.5	0.9	0.99	0.5	0.1	0.9	15	-9	0.12	79.5	0.965	1	0	1	1	1	0	0	0
20191012	050700	1112	0.05	0.78	0.00	0.78	3	1.03	0.97	10341600000.00	707461000000000.00		0	0	11	12	0	37.19	102.86	0.8	0.5	5	0.1	2.5	2.5	0.9	0.99	0.5	0.1	0.9	15	-9	0.12	79.5	0.965	1	0	1	1	1	0	0	0
20191012	050800	1112	0.05	0.77	0.00	0.77	3	1.05	0.96	18069400000.00	993268000000000.00		0	0	11	12	0	37.19	102.86	0.8	0.5	5	0.1	2.5	2.5	0.9	0.99	0.5	0.1	0.9	15	-9	0.12	79.5	0.965	1	0	1	1	1	0	0	0
20191012	050900	1112	0.05	0.77	0.00	0.77	3	1.05	0.98	5825720000.00	687938000000000.00		0	0	11	12	0	37.19	102.86	0.8	0.5	5	0.1	2.5	2.5	0.9	0.99	0.5	0.1	0.9	15	-9	0.12	79.5	0.965	1	0	1	1	1	0	0	0
20191012	051000	1112	0.06	0.75	0.00	0.75	3	1.04	0.98	5566120000.00	1108540000000000.00		0	0	11	12	0	37.19	102.86	0.8	0.5	5	0.1	2.5	2.5	0.9	0.99	0.5	0.1	0.9	15	-9	0.12	79.5	0.965	1	0	1	1	1	0	0	0
20191012	051100	1112	0.07	0.75	0.00	0.75	3	1.04	0.98	7087620000.00	716341000000000.00		0	0	11	12	0	37.19	102.86	0.8	0.5	5	0.1	2.5	2.5	0.9	0.99	0.5	0.1	0.9	15	-9	0.12	79.5	0.965	1	0	1	1	1	0	0	0
20191012	051200	1112	0.09	0.77	0.00	0.77	3	1.06	0.97	19791800000.00	1037920000000000.00		0	0	11	12	0	37.19	102.86	0.8	0.5	5	0.1	2.5	2.5	0.9	0.99	0.5	0.1	0.9	15	-9	0.12	79.5	0.965	1	0	1	1	1	0	0	0
20191012	051300	1112	0.08	0.79	0.00	0.79	3	1.06	0.96	5355800000.00	834570000000000.00		0	0	11	12	0	37.19	102.86	0.8	0.5	5	0.1	2.5	2.5	0.9	0.99	0.5	0.1	0.9	15	-9	0.12	79.5	0.965	1	0	1	1	1	0	0	0
20191012	051400	1112	0.09	0.79	0.00	0.79	3	1.07	0.92	3710430000.00	1202930000000000.00		0	0	11	12	0	37.19	102.86	0.8	0.5	5	0.1	2.5	2.5	0.9	0.99	0.5	0.1	0.9	15	-9	0.12	79.5	0.965	1	0	1	1	1	0	0	0
20191012	051500	1112	0.09	0.73	0.00	0.73	3	1.08	0.86	27424200000.00	1007350000000000.00		0	0	11	12	0	37.19	102.86	0.8	0.5	5	0.1	2.5	2.5	0.9	0.99	0.5	0.1	0.9	15	-9	0.12	79.5	0.965	1	0	1	1	1	0	0	0
20191012	051600	1112	0.08	0.79	0.00	0.79	3	1.11	0.98	14266100000.00	846391000000000.00		0	0	11	12	0	37.19	102.86	0.8	0.5	5	0.1	2.5	2.5	0.9	0.99	0.5	0.1	0.9	15	-9	0.12	79.5	0.965	1	0	1	1	1	0	0	0
20191012	051700	1112	0.07	0.79	0.00	0.79	3	1.10	0.96	19578300000.00	731381000000000.00		0	0	11	12	0	37.19	102.86	0.8	0.5	5	0.1	2.5	2.5	0.9	0.99	0.5	0.1	0.9	15	-9	0.12	79.5	0.965	1	0	1	1	1	0	0	0
20191012	051800	1112	0.05	0.78	0.00	0.78	5	1.10	0.97	1718830000.00	731834000000000.00		0	0	11	12	0	37.19	102.86	0.8	0.5	5	0.1	2.5	2.5	0.9	0.99	0.5	0.1	0.9	15	-9	0.12	79.5	0.965	1	0	1	1	1	0	0	0
20191012	051900	1112	0.05	0.69	0.00	0.69	3	1.06	0.96	8808780000.00	738954000000000.00		0	0	11	12	0	37.19	102.86	0.8	0.5	5	0.1	2.5	2.5	0.9	0.99	0.5	0.1	0.9	15	-9	0.12	79.5	0.965	1	0	1	1	1	0	0	0
20191012	052000	1112	0.03	0.65	0.00	0.65	3	1.05	0.96	11162800000.00	877042000000000.00		0	0	11	12	0	37.19	102.86	0.8	0.5	5	0.1	2.5	2.5	0.9	0.99	0.5	0.1	0.9	15	-9	0.12	79.5	0.965	1	0	1	1	1	0	0	0
20191012	052100	1112	0.03	0.65	0.00	0.65	3	1.05	0.96	4600630000.00	960841000000000.00		0	0	11	12	0	37.19	102.86	0.8	0.5	5	0.1	2.5	2.5	0.9	0.99	0.5	0.1	0.9	15	-9	0.12	79.5	0.965	1	0	1	1	1	0	0	0
20191012	052200	1112	0.03	0.70	0.00	0.70	3	1.10	0.86	6002050000.00	931085000000000.00		0	0	11	12	0	37.19	102.86	0.8	0.5	5	0.1	2.5	2.5	0.9	0.99	0.5	0.1	0.9	15	-9	0.12	79.5	0.965	1	0	1	1	1	0	0	0
20191012	052300	1112	0.03	0.67	0.00	0.67	3	1.09	0.96	1156340000.00	956731000000000.00		0	0	11	12	0	37.19	102.86	0.8	0.5	5	0.1	2.5	2.5	0.9	0.99	0.5	0.1	0.9	15	-9	0.12	79.5	0.965	1	0	1	1	1	0	0	0
20191012	052400	1112	0.02	0.64	0.00	0.64	1	1.07	0.96	1.58	127.19		0	0	11	12	0	37.19	102.86	0.8	0.5	5	0.1	2.5	2.5	0.9	0.99	0.5	0.1	0.9	15	-9	0.12	79.5	0.965	1	0	1	1	1	0	0	0
20191012	052500	1112	0.01	0.60	0.00	0.60	3	1.04	0.89	3557140000.00	1050500000000000.00		0	0	11	12	0	37.19	102.86	0.8	0.5	5	0.1	2.5	2.5	0.9	0.99	0.5	0.1	0.9	15	-9	0.12	79.5	0.965	1	0	1	1	1	0	0	0
20191012	052600	1112	0.02	0.61	0.00	0.61	3	1.02	0.95	4296700000.00	1371620000000000.00		0	0	11	12	0	37.19	102.86	0.8	0.5	5	0.1	2.5	2.5	0.9	0.99	0.5	0.1	0.9	15	-9	0.12	79.5	0.965	1	0	1	1	1	0	0	0
20191012	052700	1112	0.01	0.59	0.00	0.59	3	0.99	0.98	6010210000.00	1023040000000000.00		0	0	11	12	0	37.19	102.86	0.8	0.5	5	0.1	2.5	2.5	0.9	0.99	0.5	0.1	0.9	15	-9	0.12	79.5	0.965	1	0	1	1	1	0	0	0
20191012	052800	1112	0.01	0.56	0.00	0.56	3	0.98	0.96	1.72	10106.10		0	0	11	12	0	37.19	102.86	0.8	0.5	5	0.1	2.5	2.5	0.9	0.99	0.5	0.1	0.9	15	-9	0.12	79.5	0.965	1	0	1	1	1	0	0	0
20191012	052900	1112	0.01	0.54	0.00	0.54	3	0.99	0.97	3139220000.00	1106900000000000.00		0	0	11	12	0	37.19	102.86	0.8	0.5	5	0.1	2.5	2.5	0.9	0.99	0.5	0.1	0.9	15	-9	0.12	79.5	0.965	1	0	1	1	1	0	0	0
20191012	053000	1112	0.01	0.55	0.00	0.55	3	0.98	0.97	996352000.00	854348000000000.00		0	0	11	12	0	37.19	102.86	0.8	0.5	5	0.1	2.5	2.5	0.9	0.99	0.5	0.1	0.9	15	-9	0.12	79.5	0.965	1	0	1	1	1	0	0	0
20191012	053100	1112	0.01	0.51	0.00	0.51	3	0.97	0.96	14496200000.00	1211540000000000.00		0	0	11	12	0	37.19	102.86	0.8	0.5	5	0.1	2.5	2.5	0.9	0.99	0.5	0.1	0.9	15	-9	0.12	79.5	0.965	1	0	1	1	1	0	0	0
20191012	053200	1112	0.01	0.50	0.00	0.50	3	0.98	0.98	9919740000.00	1218570000000000.00		0	0	11	12	0	37.19	102.86	0.8	0.5	5	0.1	2.5	2.5	0.9	0.99	0.5	0.1	0.9	15	-9	0.12	79.5	0.965	1	0	1	1	1	0	0	0
20191012	053300	1112	0.02	0.48	0.00	0.48	3	0.98	0.98	15555000000.00	1217730000000000.00		0	0	11	12	0	37.19	102.86	0.8	0.5	5	0.1	2.5	2.5	0.9	0.99	0.5	0.1	0.9	15	-9	0.12	79.5	0.965	1	0	1	1	1	0	0	0
20191012	053400	1112	0.01	0.46	0.00	0.46	3	0.98	0.92	16530800000.00	842365000000000.00		0	0	11	12	0	37.19	102.86	0.8	0.5	5	0.1	2.5	2.5	0.9	0.99	0.5	0.1	0.9	15	-9	0.12	79.5	0.965	1	0	1	1	1	0	0	0
20191012	053500	1112	0.01	0.46	0.00	0.46	3	0.99	0.96	12525100000.00	917866000000000.00		0	0	11	12	0	37.19	102.86	0.8	0.5	5	0.1	2.5	2.5	0.9	0.99	0.5	0.1	0.9	15	-9	0.12	79.5	0.965	1	0	1	1	1	0	0	0
20191012	053600	1112	0.01	0.43	0.00	0.43	3	1.00	0.96	12258700000.00	1003290000000000.00		0	0	11	12	0	37.19	102.86	0.8	0.5	5	0.1	2.5	2.5	0.9	0.99	0.5	0.1	0.9	15	-9	0.12	79.5	0.965	1	0	1	1	1	0	0	0
20191012	053700	1112	0.01	0.43	0.00	0.43	3	1.00	0.96	2904310000.00	1289260000000000.00		0	0	11	12	0	37.19	102.86	0.8	0.5	5	0.1	2.5	2.5	0.9	0.99	0.5	0.1	0.9	15	-9	0.12	79.5	0.965	1	0	1	1	1	0	0	0
20191012	053800	1112	0.01	0.43	0.00	0.43	3	0.99	0.96	1971330000.00	1026110000000000.00		0	0	11	12	0	37.19	102.86	0.8	0.5	5	0.1	2.5	2.5	0.9	0.99	0.5	0.1	0.9	15	-9	0.12	79.5	0.965	1	0	1	1	1	0	0	0
20191012	053900	1112	0.01	0.39	0.00	0.39	3	0.97	0.96	36010800000.00	1333990000000000.00		0	0	11	12	0	37.19	102.86	0.8	0.5	5	0.1	2.5	2.5	0.9	0.99	0.5	0.1	0.9	15	-9	0.12	79.5	0.965	1	0	1	1	1	0	0	0
20191012	054000	1112	0.01	0.36	0.00	0.36	3	0.96	0.81	57593800000.00	1944060000000000.00		0	0	11	12	0	37.19	102.86	0.8	0.5	5	0.1	2.5	2.5	0.9	0.99	0.5	0.1	0.9	15	-9	0.12	79.5	0.965	1	0	1	1	1	0	0	0
20191012	054100	1112	0.01	0.37	0.00	0.37	3	0.99	0.97	13637800000.00	1148740000000000.00		0	0	11	12	0	37.19	102.86	0.8	0.5	5	0.1	2.5	2.5	0.9	0.99	0.5	0.1	0.9	15	-9	0.12	79.5	0.965	1	0	1	1	1	0	0	0
20191012	054200	1112	0.01	0.36	0.00	0.36	3	0.98	0.97	10881200000.00	1325410000000000.00		0	0	11	12	0	37.19	102.86	0.8	0.5	5	0.1	2.5	2.5	0.9	0.99	0.5	0.1	0.9	15	-9	0.12	79.5	0.965	1	0	1	1	1	0	0	0
20191012	054300	1112	0.01	0.35	0.00	0.35	3	0.97	0.95	14289000000.00	1513810000000000.00		0	0	11	12	0	37.19	102.86	0.8	0.5	5	0.1	2.5	2.5	0.9	0.99	0.5	0.1	0.9	15	-9	0.12	79.5	0.965	1	0	1	1	1	0	0	0
20191012	054400	1112	0.01	0.36	0.00	0.36	3	0.95	0.98	20310900000.00	1243330000000000.00		0	0	11	12	0	37.19	102.86	0.8	0.5	5	0.1	2.5	2.5	0.9	0.99	0.5	0.1	0.9	15	-9	0.12	79.5	0.965	1	0	1	1	1	0	0	0
20191012	054500	1112	0.01	0.32	0.00	0.32	5	0.92	0.90	77212600000.00	2279020000000000.00		0	0	11	12	0	37.19	102.86	0.8	0.5	5	0.1	2.5	2.5	0.9	0.99	0.5	0.1	0.9	15	-9	0.12	79.5	0.965	1	0	1	1	1	0	0	0
20191012	054600	1112	0.01	0.33	0.00	0.33	3	0.95	0.98	7848370000.00	1319330000000000.00		0	0	11	12	0	37.19	102.86	0.8	0.5	5	0.1	2.5	2.5	0.9	0.99	0.5	0.1	0.9	15	-9	0.12	79.5	0.965	1	0	1	1	1	0	0	0
20191012	054700	1112	0.02	0.33	0.00	0.33	3	0.96	0.96	8959440000.00	1392090000000000.00		0	0	11	12	0	37.19	102.86	0.8	0.5	5	0.1	2.5	2.5	0.9	0.99	0.5	0.1	0.9	15	-9	0.12	79.5	0.965	1	0	1	1	1	0	0	0
20191012	054800	1112	0.02	0.34	0.00	0.34	3	0.96	0.97	395915000.00	1357950000000000.00		0	0	11	12	0	37.19	102.86	0.8	0.5	5	0.1	2.5	2.5	0.9	0.99	0.5	0.1	0.9	15	-9	0.12	79.5	0.965	1	0	1	1	1	0	0	0
20191012	054900	1112	0.02	0.36	0.00	0.36	3	0.96	0.98	26290600000.00	1405030000000000.00		0	0	11	12	0	37.19	102.86	0.8	0.5	5	0.1	2.5	2.5	0.9	0.99	0.5	0.1	0.9	15	-9	0.12	79.5	0.965	1	0	1	1	1	0	0	0
20191012	055000	1112	0.02	0.38	0.00	0.38	3	0.95	0.96	32192300000.00	1484310000000000.00		0	0	11	12	0	37.19	102.86	0.8	0.5	5	0.1	2.5	2.5	0.9	0.99	0.5	0.1	0.9	15	-9	0.12	79.5	0.965	1	0	1	1	1	0	0	0
20191012	055100	1112	0.02	0.38	0.00	0.38	3	0.94	0.96	28382700000.00	1489600000000000.00		0	0	11	12	0	37.19	102.86	0.8	0.5	5	0.1	2.5	2.5	0.9	0.99	0.5	0.1	0.9	15	-9	0.12	79.5	0.965	1	0	1	1	1	0	0	0
20191012	055200	1112	0.02	0.38	0.00	0.38	3	0.94	0.98	1502780000.00	1288590000000000.00		0	0	11	12	0	37.19	102.86	0.8	0.5	5	0.1	2.5	2.5	0.9	0.99	0.5	0.1	0.9	15	-9	0.12	79.5	0.965	1	0	1	1	1	0	0	0
20191012	055300	1112	0.01	0.39	0.00	0.39	3	0.94	0.98	1.86	799.32		0	0	11	12	0	37.19	102.86	0.8	0.5	5	0.1	2.5	2.5	0.9	0.99	0.5	0.1	0.9	15	-9	0.12	79.5	0.965	1	0	1	1	1	0	0	0
20191012	055400	1112	0.01	0.39	0.00	0.39	3	0.94	0.96	16939700000.00	1493050000000000.00		0	0	11	12	0	37.19	102.86	0.8	0.5	5	0.1	2.5	2.5	0.9	0.99	0.5	0.1	0.9	15	-9	0.12	79.5	0.965	1	0	1	1	1	0	0	0
20191012	055500	1112	0.01	0.38	0.00	0.38	3	0.94	0.96	22703900000.00	1444910000000000.00		0	0	11	12	0	37.19	102.86	0.8	0.5	5	0.1	2.5	2.5	0.9	0.99	0.5	0.1	0.9	15	-9	0.12	79.5	0.965	1	0	1	1	1	0	0	0
20191012	055600	1112	0.01	0.36	0.00	0.36	3	0.94	0.96	25880400000.00	1306640000000000.00		0	0	11	12	0	37.19	102.86	0.8	0.5	5	0.1	2.5	2.5	0.9	0.99	0.5	0.1	0.9	15	-9	0.12	79.5	0.965	1	0	1	1	1	0	0	0
20191012	055700	1112	0.01	0.36	0.00	0.36	3	0.96	0.98	9914680000.00	1309110000000000.00		0	0	11	12	0	37.19	102.86	0.8	0.5	5	0.1	2.5	2.5	0.9	0.99	0.5	0.1	0.9	15	-9	0.12	79.5	0.965	1	0	1	1	1	0	0	0
20191012	055800	1112	0.02	0.38	0.00	0.38	3	0.96	0.97	10574700000.00	1170580000000000.00		0	0	11	12	0	37.19	102.86	0.8	0.5	5	0.1	2.5	2.5	0.9	0.99	0.5	0.1	0.9	15	-9	0.12	79.5	0.965	1	0	1	1	1	0	0	0
20191012	055900	1112	0.02	0.39	0.00	0.39	3	0.97	0.98	31295500000.00	1336870000000000.00		0	0	11	12	0	37.19	102.86	0.8	0.5	5	0.1	2.5	2.5	0.9	0.99	0.5	0.1	0.9	15	-9	0.12	79.5	0.965	1	0	1	1	1	0	0	0
20191012	060000	1112	0.03	0.41	0.00	0.41	3	0.97	0.96	16453700000.00	1227860000000000.00		0	0	11	12	0	37.19	102.86	0.8	0.5	5	0.1	2.5	2.5	0.9	0.99	0.5	0.1	0.9	15	-9	0.12	79.5	0.965	1	0	1	1	1	0	0	0
20191012	060100	1112	0.02	0.42	0.00	0.42	3	0.97	0.96	6279620000.00	1166500000000000.00		0	0	11	12	0	37.19	102.86	0.8	0.5	5	0.1	2.5	2.5	0.9	0.99	0.5	0.1	0.9	15	-9	0.12	79.5	0.965	1	0	1	1	1	0	0	0
20191012	060200	1112	0.02	0.39	0.00	0.39	3	0.98	0.96	4029850000.00	1379870000000000.00		0	0	11	12	0	37.19	102.86	0.8	0.5	5	0.1	2.5	2.5	0.9	0.99	0.5	0.1	0.9	15	-9	0.12	79.5	0.965	1	0	1	1	1	0	0	0
20191012	060300	1112	0.03	0.40	0.00	0.40	3	0.96	0.95	4198520000.00	1308070000000000.00		0	0	11	12	0	37.19	102.86	0.8	0.5	5	0.1	2.5	2.5	0.9	0.99	0.5	0.1	0.9	15	-9	0.12	79.5	0.965	1	0	1	1	1	0	0	0
20191012	060400	1112	0.03	0.38	0.00	0.38	5	0.95	0.98	22462200000.00	1389090000000000.00		0	0	11	12	0	37.19	102.86	0.8	0.5	5	0.1	2.5	2.5	0.9	0.99	0.5	0.1	0.9	15	-9	0.12	79.5	0.965	1	0	1	1	1	0	0	0
20191012	060500	1112	0.02	0.35	0.00	0.35	5	0.93	0.96	31980700000.00	1395170000000000.00		0	0	11	12	0	37.19	102.86	0.8	0.5	5	0.1	2.5	2.5	0.9	0.99	0.5	0.1	0.9	15	-9	0.12	79.5	0.965	1	0	1	1	1	0	0	0
20191012	060600	1112	0.02	0.36	0.00	0.36	3	0.94	0.96	24475700000.00	1375860000000000.00		0	0	11	12	0	37.19	102.86	0.8	0.5	5	0.1	2.5	2.5	0.9	0.99	0.5	0.1	0.9	15	-9	0.12	79.5	0.965	1	0	1	1	1	0	0	0
20191012	060700	1112	0.02	0.34	0.00	0.34	3	0.93	0.96	29216600000.00	1307740000000000.00		0	0	11	12	0	37.19	102.86	0.8	0.5	5	0.1	2.5	2.5	0.9	0.99	0.5	0.1	0.9	15	-9	0.12	79.5	0.965	1	0	1	1	1	0	0	0
20191012	060800	1112	0.02	0.34	0.00	0.34	3	0.93	0.98	4952810000.00	907952000000000.00		0	0	11	12	0	37.19	102.86	0.8	0.5	5	0.1	2.5	2.5	0.9	0.99	0.5	0.1	0.9	15	-9	0.12	79.5	0.965	1	0	1	1	1	0	0	0
20191012	060900	1112	0.01	0.35	0.00	0.35	3	0.93	0.97	11552700000.00	1412110000000000.00		0	0	11	12	0	37.19	102.86	0.8	0.5	5	0.1	2.5	2.5	0.9	0.99	0.5	0.1	0.9	15	-9	0.12	79.5	0.965	1	0	1	1	1	0	0	0
20191012	061000	1112	0.01	0.36	0.00	0.36	3	0.93	0.96	432186000.00	741178000000000.00		0	0	11	12	0	37.19	102.86	0.8	0.5	5	0.1	2.5	2.5	0.9	0.99	0.5	0.1	0.9	15	-9	0.12	79.5	0.965	1	0	1	1	1	0	0	0
20191012	061100	1112	0.02	0.36	0.00	0.36	3	0.94	0.96	24586000000.00	1476120000000000.00		0	0	11	12	0	37.19	102.86	0.8	0.5	5	0.1	2.5	2.5	0.9	0.99	0.5	0.1	0.9	15	-9	0.12	79.5	0.965	1	0	1	1	1	0	0	0
20191012	061200	1112	0.01	0.35	0.00	0.35	3	0.93	0.96	20369300000.00	1363350000000000.00		0	0	11	12	0	37.19	102.86	0.8	0.5	5	0.1	2.5	2.5	0.9	0.99	0.5	0.1	0.9	15	-9	0.12	79.5	0.965	1	0	1	1	1	0	0	0
20191012	061300	1112	0.01	0.36	0.00	0.36	3	0.92	0.96	4425270000.00	1183590000000000.00		0	0	11	12	0	37.19	102.86	0.8	0.5	5	0.1	2.5	2.5	0.9	0.99	0.5	0.1	0.9	15	-9	0.12	79.5	0.965	1	0	1	1	1	0	0	0
20191012	061400	1112	0.01	0.36	0.00	0.36	3	0.92	0.97	13651500000.00	1231430000000000.00		0	0	11	12	0	37.19	102.86	0.8	0.5	5	0.1	2.5	2.5	0.9	0.99	0.5	0.1	0.9	15	-9	0.12	79.5	0.965	1	0	1	1	1	0	0	0
20191012	061500	1112	0.01	0.37	0.00	0.37	3	0.92	0.97	30425600000.00	1285950000000000.00		0	0	11	12	0	37.19	102.86	0.8	0.5	5	0.1	2.5	2.5	0.9	0.99	0.5	0.1	0.9	15	-9	0.12	79.5	0.965	1	0	1	1	1	0	0	0
20191012	061600	1112	0.01	0.37	0.00	0.37	3	0.91	0.96	32647100000.00	1096270000000000.00		0	0	11	12	0	37.19	102.86	0.8	0.5	5	0.1	2.5	2.5	0.9	0.99	0.5	0.1	0.9	15	-9	0.12	79.5	0.965	1	0	1	1	1	0	0	0
20191012	061700	1112	0.01	0.38	0.00	0.38	3	0.91	0.98	26061000000.00	1252790000000000.00		0	0	11	12	0	37.19	102.86	0.8	0.5	5	0.1	2.5	2.5	0.9	0.99	0.5	0.1	0.9	15	-9	0.12	79.5	0.965	1	0	1	1	1	0	0	0
20191012	061800	1112	0.01	0.39	0.00	0.39	3	0.91	0.96	36242100000.00	2036190000000000.00		0	0	11	12	0	37.19	102.86	0.8	0.5	5	0.1	2.5	2.5	0.9	0.99	0.5	0.1	0.9	15	-9	0.12	79.5	0.965	1	0	1	1	1	0	0	0
20191012	061900	1112	0.01	0.37	0.00	0.37	3	0.91	0.96	25325000000.00	1345440000000000.00		0	0	11	12	0	37.19	102.86	0.8	0.5	5	0.1	2.5	2.5	0.9	0.99	0.5	0.1	0.9	15	-9	0.12	79.5	0.965	1	0	1	1	1	0	0	0
20191012	062000	1112	0.02	0.36	0.00	0.36	3	0.91	0.92	15207300000.00	2150460000000000.00		0	0	11	12	0	37.19	102.86	0.8	0.5	5	0.1	2.5	2.5	0.9	0.99	0.5	0.1	0.9	15	-9	0.12	79.5	0.965	1	0	1	1	1	0	0	0
20191012	062100	1112	0.02	0.36	0.00	0.36	3	0.90	0.95	29354100000.00	1966350000000000.00		0	0	11	12	0	37.19	102.86	0.8	0.5	5	0.1	2.5	2.5	0.9	0.99	0.5	0.1	0.9	15	-9	0.12	79.5	0.965	1	0	1	1	1	0	0	0
20191012	062200	1112	0.02	0.37	0.00	0.37	3	0.91	0.98	15821900000.00	1533790000000000.00		0	0	11	12	0	37.19	102.86	0.8	0.5	5	0.1	2.5	2.5	0.9	0.99	0.5	0.1	0.9	15	-9	0.12	79.5	0.965	1	0	1	1	1	0	0	0
20191012	062300	1112	0.02	0.37	0.00	0.37	3	0.91	0.98	9524450000.00	1367650000000000.00		0	0	11	12	0	37.19	102.86	0.8	0.5	5	0.1	2.5	2.5	0.9	0.99	0.5	0.1	0.9	15	-9	0.12	79.5	0.965	1	0	1	1	1	0	0	0
20191012	062400	1112	0.02	0.38	0.00	0.38	3	0.91	0.96	5518550000.00	1277820000000000.00		0	0	11	12	0	37.19	102.86	0.8	0.5	5	0.1	2.5	2.5	0.9	0.99	0.5	0.1	0.9	15	-9	0.12	79.5	0.965	1	0	1	1	1	0	0	0
20191012	062500	1112	0.02	0.41	0.00	0.41	3	0.92	0.98	3097310000.00	995737000000000.00		0	0	11	12	0	37.19	102.86	0.8	0.5	5	0.1	2.5	2.5	0.9	0.99	0.5	0.1	0.9	15	-9	0.12	79.5	0.965	1	0	1	1	1	0	0	0
20191012	062600	1112	0.02	0.42	0.00	0.42	3	0.92	0.96	9285850000.00	905131000000000.00		0	0	11	12	0	37.19	102.86	0.8	0.5	5	0.1	2.5	2.5	0.9	0.99	0.5	0.1	0.9	15	-9	0.12	79.5	0.965	1	0	1	1	1	0	0	0
20191012	062700	1112	0.02	0.41	0.00	0.41	3	0.93	0.98	9942520000.00	830303000000000.00		0	0	11	12	0	37.19	102.86	0.8	0.5	5	0.1	2.5	2.5	0.9	0.99	0.5	0.1	0.9	15	-9	0.12	79.5	0.965	1	0	1	1	1	0	0	0
20191012	062800	1112	0.02	0.40	0.00	0.40	3	0.93	0.98	26701800000.00	1131550000000000.00		0	0	11	12	0	37.19	102.86	0.8	0.5	5	0.1	2.5	2.5	0.9	0.99	0.5	0.1	0.9	15	-9	0.12	79.5	0.965	1	0	1	1	1	0	0	0
20191012	062900	1112	0.02	0.37	0.00	0.37	3	0.93	0.95	26817600000.00	1393500000000000.00		0	0	11	12	0	37.19	102.86	0.8	0.5	5	0.1	2.5	2.5	0.9	0.99	0.5	0.1	0.9	15	-9	0.12	79.5	0.965	1	0	1	1	1	0	0	0
20191012	063000	1112	0.02	0.37	0.00	0.37	3	0.93	0.98	6913150000.00	1325590000000000.00		0	0	11	12	0	37.19	102.86	0.8	0.5	5	0.1	2.5	2.5	0.9	0.99	0.5	0.1	0.9	15	-9	0.12	79.5	0.965	1	0	1	1	1	0	0	0
20191012	063100	1112	0.01	0.36	0.00	0.36	3	0.92	0.96	19690000000.00	1412680000000000.00		0	0	11	12	0	37.19	102.86	0.8	0.5	5	0.1	2.5	2.5	0.9	0.99	0.5	0.1	0.9	15	-9	0.12	79.5	0.965	1	0	1	1	1	0	0	0
20191012	063200	1112	0.01	0.36	0.00	0.36	3	0.92	0.98	27115400000.00	1426160000000000.00		0	0	11	12	0	37.19	102.86	0.8	0.5	5	0.1	2.5	2.5	0.9	0.99	0.5	0.1	0.9	15	-9	0.12	79.5	0.965	1	0	1	1	1	0	0	0
20191012	063300	1112	0.01	0.34	0.00	0.34	3	0.92	0.99	23606000000.00	1628970000000000.00		0	0	11	12	0	37.19	102.86	0.8	0.5	5	0.1	2.5	2.5	0.9	0.99	0.5	0.1	0.9	15	-9	0.12	79.5	0.965	1	0	1	1	1	0	0	0
20191012	063400	1112	0.01	0.32	0.00	0.32	3	0.91	0.97	22768000000.00	1467150000000000.00		0	0	11	12	0	37.19	102.86	0.8	0.5	5	0.1	2.5	2.5	0.9	0.99	0.5	0.1	0.9	15	-9	0.12	79.5	0.965	1	0	1	1	1	0	0	0
20191012	063500	1112	0.01	0.30	0.00	0.30	3	0.91	0.96	5543340000.00	1409050000000000.00		0	0	11	12	0	37.19	102.86	0.8	0.5	5	0.1	2.5	2.5	0.9	0.99	0.5	0.1	0.9	15	-9	0.12	79.5	0.965	1	0	1	1	1	0	0	0
20191012	063600	1112	0.01	0.28	0.00	0.28	3	0.90	0.98	10819300000.00	1470150000000000.00		0	0	11	12	0	37.19	102.86	0.8	0.5	5	0.1	2.5	2.5	0.9	0.99	0.5	0.1	0.9	15	-9	0.12	79.5	0.965	1	0	1	1	1	0	0	0
20191012	063700	1112	0.01	0.28	0.00	0.28	3	0.90	0.96	19181600000.00	1520500000000000.00		0	0	11	12	0	37.19	102.86	0.8	0.5	5	0.1	2.5	2.5	0.9	0.99	0.5	0.1	0.9	15	-9	0.12	79.5	0.965	1	0	1	1	1	0	0	0
20191012	063800	1112	0.01	0.29	0.00	0.29	3	0.91	0.98	5440820000.00	1189420000000000.00		0	0	11	12	0	37.19	102.86	0.8	0.5	5	0.1	2.5	2.5	0.9	0.99	0.5	0.1	0.9	15	-9	0.12	79.5	0.965	1	0	1	1	1	0	0	0
20191012	063900	1112	0.01	0.29	0.00	0.29	3	0.91	0.96	20201700000.00	1480550000000000.00		0	0	11	12	0	37.19	102.86	0.8	0.5	5	0.1	2.5	2.5	0.9	0.99	0.5	0.1	0.9	15	-9	0.12	79.5	0.965	1	0	1	1	1	0	0	0
20191012	064000	1112	0.01	0.30	0.00	0.30	3	0.91	0.95	31286200000.00	1245310000000000.00		0	0	11	12	0	37.19	102.86	0.8	0.5	5	0.1	2.5	2.5	0.9	0.99	0.5	0.1	0.9	15	-9	0.12	79.5	0.965	1	0	1	1	1	0	0	0
20191012	064100	1112	0.01	0.30	0.00	0.30	3	0.91	0.96	28230900000.00	1289250000000000.00		0	0	11	12	0	37.19	102.86	0.8	0.5	5	0.1	2.5	2.5	0.9	0.99	0.5	0.1	0.9	15	-9	0.12	79.5	0.965	1	0	1	1	1	0	0	0
20191012	064200	1112	0.01	0.31	0.00	0.31	3	0.90	0.96	37168400000.00	1556400000000000.00		0	0	11	12	0	37.19	102.86	0.8	0.5	5	0.1	2.5	2.5	0.9	0.99	0.5	0.1	0.9	15	-9	0.12	79.5	0.965	1	0	1	1	1	0	0	0
20191012	064300	1112	0.01	0.31	0.00	0.31	3	0.90	0.96	16377000000.00	1493120000000000.00		0	0	11	12	0	37.19	102.86	0.8	0.5	5	0.1	2.5	2.5	0.9	0.99	0.5	0.1	0.9	15	-9	0.12	79.5	0.965	1	0	1	1	1	0	0	0
20191012	064400	1112	0.02	0.33	0.00	0.33	3	0.90	0.96	44707800000.00	1351660000000000.00		0	0	11	12	0	37.19	102.86	0.8	0.5	5	0.1	2.5	2.5	0.9	0.99	0.5	0.1	0.9	15	-9	0.12	79.5	0.965	1	0	1	1	1	0	0	0
20191012	064500	1112	0.02	0.33	0.00	0.33	3	0.89	0.97	18196000000.00	1329470000000000.00		0	0	11	12	0	37.19	102.86	0.8	0.5	5	0.1	2.5	2.5	0.9	0.99	0.5	0.1	0.9	15	-9	0.12	79.5	0.965	1	0	1	1	1	0	0	0
20191012	064600	1112	0.02	0.33	0.00	0.33	3	0.89	0.96	34076700000.00	1355620000000000.00		0	0	11	12	0	37.19	102.86	0.8	0.5	5	0.1	2.5	2.5	0.9	0.99	0.5	0.1	0.9	15	-9	0.12	79.5	0.965	1	0	1	1	1	0	0	0
20191012	064700	1112	0.02	0.38	0.00	0.38	3	0.97	0.98	12116900000.00	1448550000000000.00		0	0	11	12	0	37.19	102.86	0.8	0.5	5	0.1	2.5	2.5	0.9	0.99	0.5	0.1	0.9	15	-9	0.12	79.5	0.965	1	0	1	1	1	0	0	0
20191012	064800	1112	0.02	0.30	0.00	0.30	3	0.89	0.96	17348400000.00	1478500000000000.00		0	0	11	12	0	37.19	102.86	0.8	0.5	5	0.1	2.5	2.5	0.9	0.99	0.5	0.1	0.9	15	-9	0.12	79.5	0.965	1	0	1	1	1	0	0	0
20191012	064900	1112	0.02	0.29	0.00	0.29	3	0.89	0.96	41847200000.00	1397280000000000.00		0	0	11	12	0	37.19	102.86	0.8	0.5	5	0.1	2.5	2.5	0.9	0.99	0.5	0.1	0.9	15	-9	0.12	79.5	0.965	1	0	1	1	1	0	0	0
20191012	230000	1112	-2	-2	-2	-2	9	-2.00	1.00	233854000000.00	2702510000000000.00		0	0	11	12	0	37.19	102.86	0.8	0.5	5	0.1	2.5	2.5	0.9	0.99	0.5	0.1	0.9	15	-9	0.12	79.5	0.965	1	0	1	1	1	0	0	0
20191012	230100	1112	-2	-2	-2	-2	9	-2.00	1.00	204116000000.00	2498660000000000.00		0	0	11	12	0	37.19	102.86	0.8	0.5	5	0.1	2.5	2.5	0.9	0.99	0.5	0.1	0.9	15	-9	0.12	79.5	0.965	1	0	1	1	1	0	0	0
20191012	230200	1112	-2	-2	-2	-2	9	-2.00	1.00	175131000000.00	2407180000000000.00		0	0	11	12	0	37.19	102.86	0.8	0.5	5	0.1	2.5	2.5	0.9	0.99	0.5	0.1	0.9	15	-9	0.12	79.5	0.965	1	0	1	1	1	0	0	0
20191012	230300	1112	-2	-2	-2	-2	9	-2.00	1.00	169640000000.00	2576620000000000.00		0	0	11	12	0	37.19	102.86	0.8	0.5	5	0.1	2.5	2.5	0.9	0.99	0.5	0.1	0.9	15	-9	0.12	79.5	0.965	1	0	1	1	1	0	0	0
20191012	230400	1112	-2	-2	-2	-2	9	-2.00	1.00	166579000000.00	1973370000000000.00		0	0	11	12	0	37.19	102.86	0.8	0.5	5	0.1	2.5	2.5	0.9	0.99	0.5	0.1	0.9	15	-9	0.12	79.5	0.965	1	0	1	1	1	0	0	0
20191012	230500	1112	-2	-2	-2	-2	9	-2.00	1.00	178548000000.00	1878570000000000.00		0	0	11	12	0	37.19	102.86	0.8	0.5	5	0.1	2.5	2.5	0.9	0.99	0.5	0.1	0.9	15	-9	0.12	79.5	0.965	1	0	1	1	1	0	0	0
20191012	230600	1112	-2	-2	-2	-2	9	-2.00	1.00	151132000000.00	1714270000000000.00		0	0	11	12	0	37.19	102.86	0.8	0.5	5	0.1	2.5	2.5	0.9	0.99	0.5	0.1	0.9	15	-9	0.12	79.5	0.965	1	0	1	1	1	0	0	0
20191012	230700	1112	-2	-2	-2	-2	9	-2.00	1.00	132187000000.00	1629450000000000.00		0	0	11	12	0	37.19	102.86	0.8	0.5	5	0.1	2.5	2.5	0.9	0.99	0.5	0.1	0.9	15	-9	0.12	79.5	0.965	1	0	1	1	1	0	0	0
20191012	230800	1112	-2	-2	-2	-2	9	-2.00	1.00	115103000000.00	1671380000000000.00		0	0	11	12	0	37.19	102.86	0.8	0.5	5	0.1	2.5	2.5	0.9	0.99	0.5	0.1	0.9	15	-9	0.12	79.5	0.965	1	0	1	1	1	0	0	0
20191012	230900	1112	-2	-2	-2	-2	9	-2.00	1.00	120500000000.00	1667320000000000.00		0	0	11	12	0	37.19	102.86	0.8	0.5	5	0.1	2.5	2.5	0.9	0.99	0.5	0.1	0.9	15	-9	0.12	79.5	0.965	1	0	1	1	1	0	0	0
20191012	231000	1112	-2	-2	-2	-2	9	-2.00	1.00	137539000000.00	1609900000000000.00		0	0	11	12	0	37.19	102.86	0.8	0.5	5	0.1	2.5	2.5	0.9	0.99	0.5	0.1	0.9	15	-9	0.12	79.5	0.965	1	0	1	1	1	0	0	0
20191012	231100	1112	-2	-2	-2	-2	9	-2.00	1.00	149947000000.00	1711870000000000.00		0	0	11	12	0	37.19	102.86	0.8	0.5	5	0.1	2.5	2.5	0.9	0.99	0.5	0.1	0.9	15	-9	0.12	79.5	0.965	1	0	1	1	1	0	0	0
20191012	231200	1112	-2	-2	-2	-2	9	-2.00	1.00	156118000000.00	1539330000000000.00		0	0	11	12	0	37.19	102.86	0.8	0.5	5	0.1	2.5	2.5	0.9	0.99	0.5	0.1	0.9	15	-9	0.12	79.5	0.965	1	0	1	1	1	0	0	0
20191012	231300	1112	-2	-2	-2	-2	9	-2.00	1.00	168876000000.00	1723300000000000.00		0	0	11	12	0	37.19	102.86	0.8	0.5	5	0.1	2.5	2.5	0.9	0.99	0.5	0.1	0.9	15	-9	0.12	79.5	0.965	1	0	1	1	1	0	0	0
20191012	231400	1112	-2	-2	-2	-2	9	-2.00	1.00	177366000000.00	1741880000000000.00		0	0	11	12	0	37.19	102.86	0.8	0.5	5	0.1	2.5	2.5	0.9	0.99	0.5	0.1	0.9	15	-9	0.12	79.5	0.965	1	0	1	1	1	0	0	0
20191012	231500	1112	-2	-2	-2	-2	9	-2.00	1.00	173803000000.00	1695310000000000.00		0	0	11	12	0	37.19	102.86	0.8	0.5	5	0.1	2.5	2.5	0.9	0.99	0.5	0.1	0.9	15	-9	0.12	79.5	0.965	1	0	1	1	1	0	0	0
20191012	231600	1112	-2	-2	-2	-2	9	-2.00	1.00	196978000000.00	1723300000000000.00		0	0	11	12	0	37.19	102.86	0.8	0.5	5	0.1	2.5	2.5	0.9	0.99	0.5	0.1	0.9	15	-9	0.12	79.5	0.965	1	0	1	1	1	0	0	0
20191012	231700	1112	-2	-2	-2	-2	9	-2.00	1.00	207579000000.00	1741880000000000.00		0	0	11	12	0	37.19	102.86	0.8	0.5	5	0.1	2.5	2.5	0.9	0.99	0.5	0.1	0.9	15	-9	0.12	79.5	0.965	1	0	1	1	1	0	0	0
20191012	231800	1112	-2	-2	-2	-2	9	-2.00	1.00	207862000000.00	1676200000000000.00		0	0	11	12	0	37.19	102.86	0.8	0.5	5	0.1	2.5	2.5	0.9	0.99	0.5	0.1	0.9	15	-9	0.12	79.5	0.965	1	0	1	1	1	0	0	0
20191012	231900	1112	-2	-2	-2	-2	9	-2.00	1.00	213004000000.00	1742290000000000.00		0	0	11	12	0	37.19	102.86	0.8	0.5	5	0.1	2.5	2.5	0.9	0.99	0.5	0.1	0.9	15	-9	0.12	79.5	0.965	1	0	1	1	1	0	0	0
20191012	232000	1112	-2	-2	-2	-2	9	-2.00	1.00	199452000000.00	1821460000000000.00		0	0	11	12	0	37.19	102.86	0.8	0.5	5	0.1	2.5	2.5	0.9	0.99	0.5	0.1	0.9	15	-9	0.12	79.5	0.965	1	0	1	1	1	0	0	0
20191012	232100	1112	-2	-2	-2	-2	9	-2.00	1.00	205410000000.00	1821510000000000.00		0	0	11	12	0	37.19	102.86	0.8	0.5	5	0.1	2.5	2.5	0.9	0.99	0.5	0.1	0.9	15	-9	0.12	79.5	0.965	1	0	1	1	1	0	0	0
20191012	232200	1112	-2	-2	-2	-2	9	-2.00	1.00	216016000000.00	1872140000000000.00		0	0	11	12	0	37.19	102.86	0.8	0.5	5	0.1	2.5	2.5	0.9	0.99	0.5	0.1	0.9	15	-9	0.12	79.5	0.965	1	0	1	1	1	0	0	0
20191012	232300	1112	-2	-2	-2	-2	9	-2.00	1.00	210107000000.00	1779280000000000.00		0	0	11	12	0	37.19	102.86	0.8	0.5	5	0.1	2.5	2.5	0.9	0.99	0.5	0.1	0.9	15	-9	0.12	79.5	0.965	1	0	1	1	1	0	0	0
20191012	232400	1112	-2	-2	-2	-2	9	-2.00	1.00	217833000000.00	1873410000000000.00		0	0	11	12	0	37.19	102.86	0.8	0.5	5	0.1	2.5	2.5	0.9	0.99	0.5	0.1	0.9	15	-9	0.12	79.5	0.965	1	0	1	1	1	0	0	0
20191012	232500	1112	-2	-2	-2	-2	9	-2.00	1.00	237621000000.00	1949360000000000.00		0	0	11	12	0	37.19	102.86	0.8	0.5	5	0.1	2.5	2.5	0.9	0.99	0.5	0.1	0.9	15	-9	0.12	79.5	0.965	1	0	1	1	1	0	0	0
20191012	232600	1112	-2	-2	-2	-2	9	-2.00	1.00	240263000000.00	1993280000000000.00		0	0	11	12	0	37.19	102.86	0.8	0.5	5	0.1	2.5	2.5	0.9	0.99	0.5	0.1	0.9	15	-9	0.12	79.5	0.965	1	0	1	1	1	0	0	0
20191012	232700	1112	-2	-2	-2	-2	9	-2.00	1.00	246425000000.00	1992480000000000.00		0	0	11	12	0	37.19	102.86	0.8	0.5	5	0.1	2.5	2.5	0.9	0.99	0.5	0.1	0.9	15	-9	0.12	79.5	0.965	1	0	1	1	1	0	0	0
20191012	232800	1112	-2	-2	-2	-2	9	-2.00	1.00	246254000000.00	1930960000000000.00		0	0	11	12	0	37.19	102.86	0.8	0.5	5	0.1	2.5	2.5	0.9	0.99	0.5	0.1	0.9	15	-9	0.12	79.5	0.965	1	0	1	1	1	0	0	0
20191012	232900	1112	-2	-2	-2	-2	9	-2.00	1.00	254949000000.00	1944940000000000.00		0	0	11	12	0	37.19	102.86	0.8	0.5	5	0.1	2.5	2.5	0.9	0.99	0.5	0.1	0.9	15	-9	0.12	79.5	0.965	1	0	1	1	1	0	0	0
20191012	233000	1112	-2	-2	-2	-2	9	-2.00	1.00	242170000000.00	1944940000000000.00		0	0	11	12	0	37.19	102.86	0.8	0.5	5	0.1	2.5	2.5	0.9	0.99	0.5	0.1	0.9	15	-9	0.12	79.5	0.965	1	0	1	1	1	0	0	0
20191012	233100	1112	-2	-2	-2	-2	9	-2.00	1.00	226526000000.00	1894870000000000.00		0	0	11	12	0	37.19	102.86	0.8	0.5	5	0.1	2.5	2.5	0.9	0.99	0.5	0.1	0.9	15	-9	0.12	79.5	0.965	1	0	1	1	1	0	0	0
20191012	233200	1112	-2	-2	-2	-2	9	-2.00	1.00	240180000000.00	1924100000000000.00		0	0	11	12	0	37.19	102.86	0.8	0.5	5	0.1	2.5	2.5	0.9	0.99	0.5	0.1	0.9	15	-9	0.12	79.5	0.965	1	0	1	1	1	0	0	0
20191012	233300	1112	0.02	0.10	0.00	0.10	8	0.93	0.98	242933000000.00	2004530000000000.00		0	0	11	12	0	37.19	102.86	0.8	0.5	5	0.1	2.5	2.5	0.9	0.99	0.5	0.1	0.9	15	-9	0.12	79.5	0.965	1	0	1	1	1	0	0	0
20191012	233400	1112	-2	-2	-2	-2	9	-2.00	1.00	254357000000.00	2004530000000000.00		0	0	11	12	0	37.19	102.86	0.8	0.5	5	0.1	2.5	2.5	0.9	0.99	0.5	0.1	0.9	15	-9	0.12	79.5	0.965	1	0	1	1	1	0	0	0
20191012	233500	1112	-2	-2	-2	-2	9	-2.00	1.00	256732000000.00	2004560000000000.00		0	0	11	12	0	37.19	102.86	0.8	0.5	5	0.1	2.5	2.5	0.9	0.99	0.5	0.1	0.9	15	-9	0.12	79.5	0.965	1	0	1	1	1	0	0	0
20191012	233600	1112	-2	-2	-2	-2	9	-2.00	1.00	258574000000.00	2040000000000000.00		0	0	11	12	0	37.19	102.86	0.8	0.5	5	0.1	2.5	2.5	0.9	0.99	0.5	0.1	0.9	15	-9	0.12	79.5	0.965	1	0	1	1	1	0	0	0
20191012	233700	1112	-2	-2	-2	-2	9	-2.00	1.00	256294000000.00	2008090000000000.00		0	0	11	12	0	37.19	102.86	0.8	0.5	5	0.1	2.5	2.5	0.9	0.99	0.5	0.1	0.9	15	-9	0.12	79.5	0.965	1	0	1	1	1	0	0	0
20191012	233800	1112	-2	-2	-2	-2	9	-2.00	1.00	250827000000.00	2004530000000000.00		0	0	11	12	0	37.19	102.86	0.8	0.5	5	0.1	2.5	2.5	0.9	0.99	0.5	0.1	0.9	15	-9	0.12	79.5	0.965	1	0	1	1	1	0	0	0
20191012	233900	1112	-2	-2	-2	-2	9	-2.00	1.00	259962000000.00	2004530000000000.00		0	0	11	12	0	37.19	102.86	0.8	0.5	5	0.1	2.5	2.5	0.9	0.99	0.5	0.1	0.9	15	-9	0.12	79.5	0.965	1	0	1	1	1	0	0	0
20191012	234000	1112	-2	-2	-2	-2	9	-2.00	1.00	265426000000.00	1963330000000000.00		0	0	11	12	0	37.19	102.86	0.8	0.5	5	0.1	2.5	2.5	0.9	0.99	0.5	0.1	0.9	15	-9	0.12	79.5	0.965	1	0	1	1	1	0	0	0
20191012	234100	1112	-2	-2	-2	-2	9	-2.00	1.00	272662000000.00	1948870000000000.00		0	0	11	12	0	37.19	102.86	0.8	0.5	5	0.1	2.5	2.5	0.9	0.99	0.5	0.1	0.9	15	-9	0.12	79.5	0.965	1	0	1	1	1	0	0	0
20191012	234200	1112	-2	-2	-2	-2	9	-2.00	1.00	262867000000.00	2030800000000000.00		0	0	11	12	0	37.19	102.86	0.8	0.5	5	0.1	2.5	2.5	0.9	0.99	0.5	0.1	0.9	15	-9	0.12	79.5	0.965	1	0	1	1	1	0	0	0
20191012	234300	1112	-2	-2	-2	-2	9	-2.00	1.00	260155000000.00	1969890000000000.00		0	0	11	12	0	37.19	102.86	0.8	0.5	5	0.1	2.5	2.5	0.9	0.99	0.5	0.1	0.9	15	-9	0.12	79.5	0.965	1	0	1	1	1	0	0	0
20191012	234400	1112	-2	-2	-2	-2	9	-2.00	1.00	258602000000.00	1954230000000000.00		0	0	11	12	0	37.19	102.86	0.8	0.5	5	0.1	2.5	2.5	0.9	0.99	0.5	0.1	0.9	15	-9	0.12	79.5	0.965	1	0	1	1	1	0	0	0
20191012	234500	1112	-2	-2	-2	-2	9	-2.00	1.00	249274000000.00	1991960000000000.00		0	0	11	12	0	37.19	102.86	0.8	0.5	5	0.1	2.5	2.5	0.9	0.99	0.5	0.1	0.9	15	-9	0.12	79.5	0.965	1	0	1	1	1	0	0	0
20191012	234600	1112	-2	-2	-2	-2	9	-2.00	1.00	221439000000.00	1829910000000000.00		0	0	11	12	0	37.19	102.86	0.8	0.5	5	0.1	2.5	2.5	0.9	0.99	0.5	0.1	0.9	15	-9	0.12	79.5	0.965	1	0	1	1	1	0	0	0
20191012	234700	1112	-2	-2	-2	-2	9	-2.00	1.00	188706000000.00	1868280000000000.00		0	0	11	12	0	37.19	102.86	0.8	0.5	5	0.1	2.5	2.5	0.9	0.99	0.5	0.1	0.9	15	-9	0.12	79.5	0.965	1	0	1	1	1	0	0	0
20191012	234800	1112	-2	-2	-2	-2	9	-2.00	1.00	247024000000.00	1988040000000000.00		0	0	11	12	0	37.19	102.86	0.8	0.5	5	0.1	2.5	2.5	0.9	0.99	0.5	0.1	0.9	15	-9	0.12	79.5	0.965	1	0	1	1	1	0	0	0
20191012	234900	1112	-2	-2	-2	-2	9	-2.00	1.00	247357000000.00	2128650000000000.00		0	0	11	12	0	37.19	102.86	0.8	0.5	5	0.1	2.5	2.5	0.9	0.99	0.5	0.1	0.9	15	-9	0.12	79.5	0.965	1	0	1	1	1	0	0	0
20191012	235000	1112	-2	-2	-2	-2	9	-2.00	1.00	252793000000.00	1931110000000000.00		0	0	11	12	0	37.19	102.86	0.8	0.5	5	0.1	2.5	2.5	0.9	0.99	0.5	0.1	0.9	15	-9	0.12	79.5	0.965	1	0	1	1	1	0	0	0
20191012	235100	1112	-2	-2	-2	-2	9	-2.00	1.00	227391000000.00	1942390000000000.00		0	0	11	12	0	37.19	102.86	0.8	0.5	5	0.1	2.5	2.5	0.9	0.99	0.5	0.1	0.9	15	-9	0.12	79.5	0.965	1	0	1	1	1	0	0	0
20191012	235200	1112	-2	-2	-2	-2	9	-2.00	1.00	215264000000.00	1962690000000000.00		0	0	11	12	0	37.19	102.86	0.8	0.5	5	0.1	2.5	2.5	0.9	0.99	0.5	0.1	0.9	15	-9	0.12	79.5	0.965	1	0	1	1	1	0	0	0
20191012	235300	1112	-2	-2	-2	-2	9	-2.00	1.00	220575000000.00	1955100000000000.00		0	0	11	12	0	37.19	102.86	0.8	0.5	5	0.1	2.5	2.5	0.9	0.99	0.5	0.1	0.9	15	-9	0.12	79.5	0.965	1	0	1	1	1	0	0	0
20191012	235400	1112	-2	-2	-2	-2	9	-2.00	1.00	188502000000.00	1947980000000000.00		0	0	11	12	0	37.19	102.86	0.8	0.5	5	0.1	2.5	2.5	0.9	0.99	0.5	0.1	0.9	15	-9	0.12	79.5	0.965	1	0	1	1	1	0	0	0
20191012	235500	1112	0.02	0.18	0.00	0.18	8	0.93	0.97	156768000000.00	1833010000000000.00		0	0	11	12	0	37.19	102.86	0.8	0.5	5	0.1	2.5	2.5	0.9	0.99	0.5	0.1	0.9	15	-9	0.12	79.5	0.965	1	0	1	1	1	0	0	0
20191012	235600	1112	0.04	0.18	0.00	0.18	8	0.93	0.95	168167000000.00	1884960000000000.00		0	0	11	12	0	37.19	102.86	0.8	0.5	5	0.1	2.5	2.5	0.9	0.99	0.5	0.1	0.9	15	-9	0.12	79.5	0.965	1	0	1	1	1	0	0	0
20191012	235700	1112	0.04	0.18	0.00	0.18	8	0.93	0.93	167680000000.00	1833010000000000.00		0	0	11	12	0	37.19	102.86	0.8	0.5	5	0.1	2.5	2.5	0.9	0.99	0.5	0.1	0.9	15	-9	0.12	79.5	0.965	1	0	1	1	1	0	0	0
20191012	235800	1112	0.06	0.18	0.00	0.18	8	0.94	0.91	155161000000.00	1927740000000000.00		0	0	11	12	0	37.19	102.86	0.8	0.5	5	0.1	2.5	2.5	0.9	0.99	0.5	0.1	0.9	15	-9	0.12	79.5	0.965	1	0	1	1	1	0	0	0
20191012	235900	1112	0.07	0.19	0.00	0.19	8	0.94	0.93	116702000000.00	1875740000000000.00		0	0	11	12	0	37.19	102.86	0.8	0.5	5	0.1	2.5	2.5	0.9	0.99	0.5	0.1	0.9	15	-9	0.12	79.5	0.965	1	0	1	1	1	0	0	0
