%[yyyymmdd]	[HHMMSS]	 Relative Cloudiness
%date	time	Ext	BRBG	CDOC	thick	thin	sun	hcf	BRmin	BRmid	Brmax	center_x	center_y	ext_ne	ext_ue	imagesize	latitude	longitude	level_brightpix	level_circle_ratio	level_bright_ratio	level_clear_sky	level_ne	level_ue	level_object_ratio	level_sunpix	level_thick_clouds	level_thin_clouds	level_mask_csi	o_min_size	offset_Angle	rad_sunmask	zenith_angle	rad_zero	use_horizon	use_sunmask	use_sunpix	use_brg	use_cdoc	write_sunpix	merge_sunmask	use_underexposed
20200325	000500	1112	-2	-2	-2	-2	9	-2.00	1.00	1879060000.00	794868000000000.00		0	0	11	12	0	37.19	102.86	0.8	0.5	5	0.1	2.5	2.5	0.9	0.99	0.5	0.1	0.9	15	-9	0.12	79.5	0.965	1	0	1	1	1	0	0	0
20200325	000600	1112	-2	-2	-2	-2	9	-2.00	1.00	620616000.00	709551000000000.00		0	0	11	12	0	37.19	102.86	0.8	0.5	5	0.1	2.5	2.5	0.9	0.99	0.5	0.1	0.9	15	-9	0.12	79.5	0.965	1	0	1	1	1	0	0	0
20200325	000700	1112	-2	-2	-2	-2	9	-2.00	1.00	433367000.00	743204000000000.00		0	0	11	12	0	37.19	102.86	0.8	0.5	5	0.1	2.5	2.5	0.9	0.99	0.5	0.1	0.9	15	-9	0.12	79.5	0.965	1	0	1	1	1	0	0	0
20200325	000800	1112	-2	-2	-2	-2	9	-2.00	1.00	583030000.00	698479000000000.00		0	0	11	12	0	37.19	102.86	0.8	0.5	5	0.1	2.5	2.5	0.9	0.99	0.5	0.1	0.9	15	-9	0.12	79.5	0.965	1	0	1	1	1	0	0	0
20200325	000900	1112	-2	-2	-2	-2	9	-2.00	1.00	2562340000.00	894742000000000.00		0	0	11	12	0	37.19	102.86	0.8	0.5	5	0.1	2.5	2.5	0.9	0.99	0.5	0.1	0.9	15	-9	0.12	79.5	0.965	1	0	1	1	1	0	0	0
20200325	001000	1112	-2	-2	-2	-2	9	-2.00	1.00	4427120000.00	800219000000000.00		0	0	11	12	0	37.19	102.86	0.8	0.5	5	0.1	2.5	2.5	0.9	0.99	0.5	0.1	0.9	15	-9	0.12	79.5	0.965	1	0	1	1	1	0	0	0
20200325	001100	1112	-2	-2	-2	-2	9	-2.00	1.00	4058850000.00	799207000000000.00		0	0	11	12	0	37.19	102.86	0.8	0.5	5	0.1	2.5	2.5	0.9	0.99	0.5	0.1	0.9	15	-9	0.12	79.5	0.965	1	0	1	1	1	0	0	0
20200325	001200	1112	-2	-2	-2	-2	9	-2.00	1.00	2660000000.00	774128000000000.00		0	0	11	12	0	37.19	102.86	0.8	0.5	5	0.1	2.5	2.5	0.9	0.99	0.5	0.1	0.9	15	-9	0.12	79.5	0.965	1	0	1	1	1	0	0	0
20200325	001300	1112	0.08	0.01	0.00	0.01	0	1.00	0.99	1552740000.00	685446000000000.00		0	0	11	12	0	37.19	102.86	0.8	0.5	5	0.1	2.5	2.5	0.9	0.99	0.5	0.1	0.9	15	-9	0.12	79.5	0.965	1	0	1	1	1	0	0	0
20200325	001400	1112	0.08	0.01	0.00	0.01	0	1.00	0.99	1392330000.00	565843000000000.00		0	0	11	12	0	37.19	102.86	0.8	0.5	5	0.1	2.5	2.5	0.9	0.99	0.5	0.1	0.9	15	-9	0.12	79.5	0.965	1	0	1	1	1	0	0	0
20200325	001500	1112	-2	-2	-2	-2	9	-2.00	1.00	2989440000.00	1130140000000000.00		0	0	11	12	0	37.19	102.86	0.8	0.5	5	0.1	2.5	2.5	0.9	0.99	0.5	0.1	0.9	15	-9	0.12	79.5	0.965	1	0	1	1	1	0	0	0
20200325	001600	1112	-2	-2	-2	-2	9	-2.00	1.00	979694000.00	563197000000000.00		0	0	11	12	0	37.19	102.86	0.8	0.5	5	0.1	2.5	2.5	0.9	0.99	0.5	0.1	0.9	15	-9	0.12	79.5	0.965	1	0	1	1	1	0	0	0
20200325	001700	1112	-2	-2	-2	-2	9	-2.00	1.00	984938000.00	571486000000000.00		0	0	11	12	0	37.19	102.86	0.8	0.5	5	0.1	2.5	2.5	0.9	0.99	0.5	0.1	0.9	15	-9	0.12	79.5	0.965	1	0	1	1	1	0	0	0
20200325	001800	1112	0.12	0.00	0.00	0.00	0	0.93	0.96	500706000.00	572458000000000.00		0	0	11	12	0	37.19	102.86	0.8	0.5	5	0.1	2.5	2.5	0.9	0.99	0.5	0.1	0.9	15	-9	0.12	79.5	0.965	1	0	1	1	1	0	0	0
20200325	001900	1112	-2	-2	-2	-2	9	-2.00	1.00	334860000.00	574269000000000.00		0	0	11	12	0	37.19	102.86	0.8	0.5	5	0.1	2.5	2.5	0.9	0.99	0.5	0.1	0.9	15	-9	0.12	79.5	0.965	1	0	1	1	1	0	0	0
20200325	002000	1112	-2	-2	-2	-2	9	-2.00	1.00	1.52	1074.07		0	0	11	12	0	37.19	102.86	0.8	0.5	5	0.1	2.5	2.5	0.9	0.99	0.5	0.1	0.9	15	-9	0.12	79.5	0.965	1	0	1	1	1	0	0	0
20200325	002100	1112	0.12	0.04	0.00	0.04	3	1.00	0.98	431065000.00	739256000000000.00		0	0	11	12	0	37.19	102.86	0.8	0.5	5	0.1	2.5	2.5	0.9	0.99	0.5	0.1	0.9	15	-9	0.12	79.5	0.965	1	0	1	1	1	0	0	0
20200325	002200	1112	0.13	0.04	0.00	0.04	0	1.00	0.94	361066000.00	412807000000000.00		0	0	11	12	0	37.19	102.86	0.8	0.5	5	0.1	2.5	2.5	0.9	0.99	0.5	0.1	0.9	15	-9	0.12	79.5	0.965	1	0	1	1	1	0	0	0
20200325	002300	1112	0.12	0.05	0.00	0.05	3	1.00	0.98	1.51	2716.63		0	0	11	12	0	37.19	102.86	0.8	0.5	5	0.1	2.5	2.5	0.9	0.99	0.5	0.1	0.9	15	-9	0.12	79.5	0.965	1	0	1	1	1	0	0	0
20200325	002400	1112	0.12	0.05	0.00	0.05	3	1.00	0.99	1112680000.00	732742000000000.00		0	0	11	12	0	37.19	102.86	0.8	0.5	5	0.1	2.5	2.5	0.9	0.99	0.5	0.1	0.9	15	-9	0.12	79.5	0.965	1	0	1	1	1	0	0	0
20200325	002500	1112	-2	-2	-2	-2	9	-2.00	1.00	192407000.00	659939000000000.00		0	0	11	12	0	37.19	102.86	0.8	0.5	5	0.1	2.5	2.5	0.9	0.99	0.5	0.1	0.9	15	-9	0.12	79.5	0.965	1	0	1	1	1	0	0	0
20200325	002600	1112	0.12	0.04	0.00	0.04	0	1.00	0.98	1037150000.00	588727000000000.00		0	0	11	12	0	37.19	102.86	0.8	0.5	5	0.1	2.5	2.5	0.9	0.99	0.5	0.1	0.9	15	-9	0.12	79.5	0.965	1	0	1	1	1	0	0	0
20200325	002700	1112	-2	-2	-2	-2	9	-2.00	1.00	463757000.00	530214000000000.00		0	0	11	12	0	37.19	102.86	0.8	0.5	5	0.1	2.5	2.5	0.9	0.99	0.5	0.1	0.9	15	-9	0.12	79.5	0.965	1	0	1	1	1	0	0	0
20200325	002800	1112	-2	-2	-2	-2	9	-2.00	1.00	1385490000.00	775986000000000.00		0	0	11	12	0	37.19	102.86	0.8	0.5	5	0.1	2.5	2.5	0.9	0.99	0.5	0.1	0.9	15	-9	0.12	79.5	0.965	1	0	1	1	1	0	0	0
20200325	002900	1112	-2	-2	-2	-2	9	-2.00	1.00	970878000.00	560808000000000.00		0	0	11	12	0	37.19	102.86	0.8	0.5	5	0.1	2.5	2.5	0.9	0.99	0.5	0.1	0.9	15	-9	0.12	79.5	0.965	1	0	1	1	1	0	0	0
20200325	003000	1112	-2	-2	-2	-2	9	-2.00	1.00	1727690000.00	667861000000000.00		0	0	11	12	0	37.19	102.86	0.8	0.5	5	0.1	2.5	2.5	0.9	0.99	0.5	0.1	0.9	15	-9	0.12	79.5	0.965	1	0	1	1	1	0	0	0
20200325	003100	1112	-2	-2	-2	-2	9	-2.00	1.00	351879000.00	603456000000000.00		0	0	11	12	0	37.19	102.86	0.8	0.5	5	0.1	2.5	2.5	0.9	0.99	0.5	0.1	0.9	15	-9	0.12	79.5	0.965	1	0	1	1	1	0	0	0
20200325	003200	1112	-2	-2	-2	-2	9	-2.00	1.00	363772000.00	415901000000000.00		0	0	11	12	0	37.19	102.86	0.8	0.5	5	0.1	2.5	2.5	0.9	0.99	0.5	0.1	0.9	15	-9	0.12	79.5	0.965	1	0	1	1	1	0	0	0
20200325	003300	1112	-2	-2	-2	-2	9	-2.00	1.00	175604000.00	602304000000000.00		0	0	11	12	0	37.19	102.86	0.8	0.5	5	0.1	2.5	2.5	0.9	0.99	0.5	0.1	0.9	15	-9	0.12	79.5	0.965	1	0	1	1	1	0	0	0
20200325	003400	1112	0.14	0.04	0.00	0.04	0	1.00	1.00	1.46	38.09		0	0	11	12	0	37.19	102.86	0.8	0.5	5	0.1	2.5	2.5	0.9	0.99	0.5	0.1	0.9	15	-9	0.12	79.5	0.965	1	0	1	1	1	0	0	0
20200325	003500	1112	-2	-2	-2	-2	9	-2.00	1.00	1.46	354.44		0	0	11	12	0	37.19	102.86	0.8	0.5	5	0.1	2.5	2.5	0.9	0.99	0.5	0.1	0.9	15	-9	0.12	79.5	0.965	1	0	1	1	1	0	0	0
20200325	003600	1112	0.14	0.04	0.00	0.04	0	1.00	0.99	1.46	156.93		0	0	11	12	0	37.19	102.86	0.8	0.5	5	0.1	2.5	2.5	0.9	0.99	0.5	0.1	0.9	15	-9	0.12	79.5	0.965	1	0	1	1	1	0	0	0
20200325	003700	1112	-2	-2	-2	-2	9	-2.00	1.00	1.47	3470.21		0	0	11	12	0	37.19	102.86	0.8	0.5	5	0.1	2.5	2.5	0.9	0.99	0.5	0.1	0.9	15	-9	0.12	79.5	0.965	1	0	1	1	1	0	0	0
20200325	003800	1112	0.15	0.04	0.00	0.04	0	1.00	0.98	1.46	1169.73		0	0	11	12	0	37.19	102.86	0.8	0.5	5	0.1	2.5	2.5	0.9	0.99	0.5	0.1	0.9	15	-9	0.12	79.5	0.965	1	0	1	1	1	0	0	0
20200325	003900	1112	0.15	0.05	0.00	0.05	0	1.00	1.00	459814000.00	525706000000000.00		0	0	11	12	0	37.19	102.86	0.8	0.5	5	0.1	2.5	2.5	0.9	0.99	0.5	0.1	0.9	15	-9	0.12	79.5	0.965	1	0	1	1	1	0	0	0
20200325	004000	1112	-2	-2	-2	-2	9	-2.00	1.00	264276000.00	453221000000000.00		0	0	11	12	0	37.19	102.86	0.8	0.5	5	0.1	2.5	2.5	0.9	0.99	0.5	0.1	0.9	15	-9	0.12	79.5	0.965	1	0	1	1	1	0	0	0
20200325	004100	1112	-2	-2	-2	-2	9	-2.00	1.00	1.46	291.68		0	0	11	12	0	37.19	102.86	0.8	0.5	5	0.1	2.5	2.5	0.9	0.99	0.5	0.1	0.9	15	-9	0.12	79.5	0.965	1	0	1	1	1	0	0	0
20200325	004200	1112	-2	-2	-2	-2	9	-2.00	1.00	613074000.00	700928000000000.00		0	0	11	12	0	37.19	102.86	0.8	0.5	5	0.1	2.5	2.5	0.9	0.99	0.5	0.1	0.9	15	-9	0.12	79.5	0.965	1	0	1	1	1	0	0	0
20200325	004300	1112	0.14	0.06	0.00	0.06	0	1.00	1.00	1691200000.00	634726000000000.00		0	0	11	12	0	37.19	102.86	0.8	0.5	5	0.1	2.5	2.5	0.9	0.99	0.5	0.1	0.9	15	-9	0.12	79.5	0.965	1	0	1	1	1	0	0	0
20200325	004400	1112	0.14	0.07	0.00	0.07	0	1.00	0.98	1713820000.00	979706000000000.00		0	0	11	12	0	37.19	102.86	0.8	0.5	5	0.1	2.5	2.5	0.9	0.99	0.5	0.1	0.9	15	-9	0.12	79.5	0.965	1	0	1	1	1	0	0	0
20200325	004500	1112	0.14	0.08	0.00	0.08	0	1.00	0.98	2497720000.00	875189000000000.00		0	0	11	12	0	37.19	102.86	0.8	0.5	5	0.1	2.5	2.5	0.9	0.99	0.5	0.1	0.9	15	-9	0.12	79.5	0.965	1	0	1	1	1	0	0	0
20200325	004600	1112	0.14	0.09	0.00	0.09	3	1.00	0.95	1155000000.00	679835000000000.00		0	0	11	12	0	37.19	102.86	0.8	0.5	5	0.1	2.5	2.5	0.9	0.99	0.5	0.1	0.9	15	-9	0.12	79.5	0.965	1	0	1	1	1	0	0	0
20200325	004700	1112	0.14	0.11	0.00	0.11	3	1.00	0.95	1.44	343.96		0	0	11	12	0	37.19	102.86	0.8	0.5	5	0.1	2.5	2.5	0.9	0.99	0.5	0.1	0.9	15	-9	0.12	79.5	0.965	1	0	1	1	1	0	0	0
20200325	004800	1112	0.13	0.11	0.00	0.11	0	1.00	0.96	1034250000.00	886841000000000.00		0	0	11	12	0	37.19	102.86	0.8	0.5	5	0.1	2.5	2.5	0.9	0.99	0.5	0.1	0.9	15	-9	0.12	79.5	0.965	1	0	1	1	1	0	0	0
20200325	005000	1112	0.12	0.13	0.00	0.13	3	1.00	0.98	1.43	1188.72		0	0	11	12	0	37.19	102.86	0.8	0.5	5	0.1	2.5	2.5	0.9	0.99	0.5	0.1	0.9	15	-9	0.12	79.5	0.965	1	0	1	1	1	0	0	0
20200325	005100	1112	0.12	0.14	0.00	0.14	3	1.00	0.96	929071000.00	639668000000000.00		0	0	11	12	0	37.19	102.86	0.8	0.5	5	0.1	2.5	2.5	0.9	0.99	0.5	0.1	0.9	15	-9	0.12	79.5	0.965	1	0	1	1	1	0	0	0
20200325	005200	1112	0.12	0.14	0.00	0.14	3	1.00	0.98	1.43	18804.20		0	0	11	12	0	37.19	102.86	0.8	0.5	5	0.1	2.5	2.5	0.9	0.99	0.5	0.1	0.9	15	-9	0.12	79.5	0.965	1	0	1	1	1	0	0	0
20200325	005300	1112	-2	-2	-2	-2	9	-2.00	1.00	1.42	4633.57		0	0	11	12	0	37.19	102.86	0.8	0.5	5	0.1	2.5	2.5	0.9	0.99	0.5	0.1	0.9	15	-9	0.12	79.5	0.965	1	0	1	1	1	0	0	0
20200325	005400	1112	0.11	0.11	0.00	0.11	3	1.00	0.97	1209400000.00	1035580000000000.00		0	0	11	12	0	37.19	102.86	0.8	0.5	5	0.1	2.5	2.5	0.9	0.99	0.5	0.1	0.9	15	-9	0.12	79.5	0.965	1	0	1	1	1	0	0	0
20200325	005500	1112	0.11	0.10	0.00	0.10	3	1.00	0.95	2066260000.00	962205000000000.00		0	0	11	12	0	37.19	102.86	0.8	0.5	5	0.1	2.5	2.5	0.9	0.99	0.5	0.1	0.9	15	-9	0.12	79.5	0.965	1	0	1	1	1	0	0	0
20200325	005600	1112	0.11	0.11	0.00	0.11	3	1.00	0.96	1030630000.00	668025000000000.00		0	0	11	12	0	37.19	102.86	0.8	0.5	5	0.1	2.5	2.5	0.9	0.99	0.5	0.1	0.9	15	-9	0.12	79.5	0.965	1	0	1	1	1	0	0	0
20200325	005700	1112	0.12	0.11	0.00	0.11	3	1.00	0.96	1.39	80.37		0	0	11	12	0	37.19	102.86	0.8	0.5	5	0.1	2.5	2.5	0.9	0.99	0.5	0.1	0.9	15	-9	0.12	79.5	0.965	1	0	1	1	1	0	0	0
20200325	005800	1112	0.12	0.11	0.00	0.11	5	1.00	0.96	1.38	91.64		0	0	11	12	0	37.19	102.86	0.8	0.5	5	0.1	2.5	2.5	0.9	0.99	0.5	0.1	0.9	15	-9	0.12	79.5	0.965	1	0	1	1	1	0	0	0
20200325	005900	1112	0.13	0.11	0.00	0.11	3	1.00	0.94	1.37	63.70		0	0	11	12	0	37.19	102.86	0.8	0.5	5	0.1	2.5	2.5	0.9	0.99	0.5	0.1	0.9	15	-9	0.12	79.5	0.965	1	0	1	1	1	0	0	0
20200325	004900	1112	0.13	0.12	0.00	0.12	3	1.00	0.95	431945000.00	493843000000000.00		0	0	11	12	0	37.19	102.86	0.8	0.5	5	0.1	2.5	2.5	0.9	0.99	0.5	0.1	0.9	15	-9	0.12	79.5	0.965	1	0	1	1	1	0	0	0
20200325	010000	1112	0.13	0.11	0.00	0.11	5	1.00	0.94	695003000.00	595948000000000.00		0	0	11	12	0	37.19	102.86	0.8	0.5	5	0.1	2.5	2.5	0.9	0.99	0.5	0.1	0.9	15	-9	0.12	79.5	0.965	1	0	1	1	1	0	0	0
20200325	010100	1112	0.14	0.10	0.00	0.10	3	1.00	0.96	1.37	112.08		0	0	11	12	0	37.19	102.86	0.8	0.5	5	0.1	2.5	2.5	0.9	0.99	0.5	0.1	0.9	15	-9	0.12	79.5	0.965	1	0	1	1	1	0	0	0
20200325	010200	1112	0.14	0.09	0.00	0.09	5	1.00	0.98	1.37	74.18		0	0	11	12	0	37.19	102.86	0.8	0.5	5	0.1	2.5	2.5	0.9	0.99	0.5	0.1	0.9	15	-9	0.12	79.5	0.965	1	0	1	1	1	0	0	0
20200325	010300	1112	0.15	0.09	0.00	0.09	3	1.00	0.98	1.37	2326.95		0	0	11	12	0	37.19	102.86	0.8	0.5	5	0.1	2.5	2.5	0.9	0.99	0.5	0.1	0.9	15	-9	0.12	79.5	0.965	1	0	1	1	1	0	0	0
20200325	010400	1112	0.17	0.09	0.00	0.09	3	1.00	0.98	1.36	383.24		0	0	11	12	0	37.19	102.86	0.8	0.5	5	0.1	2.5	2.5	0.9	0.99	0.5	0.1	0.9	15	-9	0.12	79.5	0.965	1	0	1	1	1	0	0	0
20200325	010500	1112	0.17	0.09	0.00	0.09	3	1.00	0.98	1.35	69.93		0	0	11	12	0	37.19	102.86	0.8	0.5	5	0.1	2.5	2.5	0.9	0.99	0.5	0.1	0.9	15	-9	0.12	79.5	0.965	1	0	1	1	1	0	0	0
20200325	010600	1112	0.18	0.09	0.00	0.09	3	1.00	0.96	1.34	16.09		0	0	11	12	0	37.19	102.86	0.8	0.5	5	0.1	2.5	2.5	0.9	0.99	0.5	0.1	0.9	15	-9	0.12	79.5	0.965	1	0	1	1	1	0	0	0
20200325	010700	1112	0.18	0.10	0.00	0.10	5	1.00	0.96	1.34	70.06		0	0	11	12	0	37.19	102.86	0.8	0.5	5	0.1	2.5	2.5	0.9	0.99	0.5	0.1	0.9	15	-9	0.12	79.5	0.965	1	0	1	1	1	0	0	0
20200325	010800	1112	0.19	0.10	0.00	0.10	3	1.00	0.98	1.34	43.99		0	0	11	12	0	37.19	102.86	0.8	0.5	5	0.1	2.5	2.5	0.9	0.99	0.5	0.1	0.9	15	-9	0.12	79.5	0.965	1	0	1	1	1	0	0	0
20200325	010900	1112	0.20	0.10	0.00	0.10	3	1.00	0.96	1.34	31.60		0	0	11	12	0	37.19	102.86	0.8	0.5	5	0.1	2.5	2.5	0.9	0.99	0.5	0.1	0.9	15	-9	0.12	79.5	0.965	1	0	1	1	1	0	0	0
20200325	011000	1112	0.21	0.11	0.00	0.11	5	1.00	0.96	1.34	39.50		0	0	11	12	0	37.19	102.86	0.8	0.5	5	0.1	2.5	2.5	0.9	0.99	0.5	0.1	0.9	15	-9	0.12	79.5	0.965	1	0	1	1	1	0	0	0
20200325	011100	1112	0.21	0.13	0.00	0.13	3	1.00	0.98	1.34	86.68		0	0	11	12	0	37.19	102.86	0.8	0.5	5	0.1	2.5	2.5	0.9	0.99	0.5	0.1	0.9	15	-9	0.12	79.5	0.965	1	0	1	1	1	0	0	0
20200325	011200	1112	0.19	0.13	0.00	0.13	3	1.00	0.97	1.34	1908.03		0	0	11	12	0	37.19	102.86	0.8	0.5	5	0.1	2.5	2.5	0.9	0.99	0.5	0.1	0.9	15	-9	0.12	79.5	0.965	1	0	1	1	1	0	0	0
20200325	011300	1112	0.18	0.14	0.00	0.14	5	1.00	1.00	1.34	3173.86		0	0	11	12	0	37.19	102.86	0.8	0.5	5	0.1	2.5	2.5	0.9	0.99	0.5	0.1	0.9	15	-9	0.12	79.5	0.965	1	0	1	1	1	0	0	0
20200325	011400	1112	0.19	0.15	0.00	0.15	3	1.00	0.93	1250620000.00	766229000000000.00		0	0	11	12	0	37.19	102.86	0.8	0.5	5	0.1	2.5	2.5	0.9	0.99	0.5	0.1	0.9	15	-9	0.12	79.5	0.965	1	0	1	1	1	0	0	0
20200325	011500	1112	0.19	0.02	0.00	0.02	5	0.94	0.95	1283780000.00	900199000000000.00		0	0	11	12	0	37.19	102.86	0.8	0.5	5	0.1	2.5	2.5	0.9	0.99	0.5	0.1	0.9	15	-9	0.12	79.5	0.965	1	0	1	1	1	0	0	0
20200325	011600	1112	0.21	0.16	0.00	0.16	3	1.00	0.96	188188000.00	645465000000000.00		0	0	11	12	0	37.19	102.86	0.8	0.5	5	0.1	2.5	2.5	0.9	0.99	0.5	0.1	0.9	15	-9	0.12	79.5	0.965	1	0	1	1	1	0	0	0
20200325	104500	1112	0.15	0.36	0.06	0.30	8	1.01	0.95	14398200000.00	1240520000000000.00		0	0	11	12	0	37.19	102.86	0.8	0.5	5	0.1	2.5	2.5	0.9	0.99	0.5	0.1	0.9	15	-9	0.12	79.5	0.965	1	0	1	1	1	0	0	0
20200325	104600	1112	-2	-2	-2	-2	9	-2.00	1.00	19166000000.00	838424000000000.00		0	0	11	12	0	37.19	102.86	0.8	0.5	5	0.1	2.5	2.5	0.9	0.99	0.5	0.1	0.9	15	-9	0.12	79.5	0.965	1	0	1	1	1	0	0	0
20200325	104700	1112	-2	-2	-2	-2	9	-2.00	1.00	25641100000.00	1036190000000000.00		0	0	11	12	0	37.19	102.86	0.8	0.5	5	0.1	2.5	2.5	0.9	0.99	0.5	0.1	0.9	15	-9	0.12	79.5	0.965	1	0	1	1	1	0	0	0
20200325	104800	1112	-2	-2	-2	-2	9	-2.00	1.00	7825310000.00	1075010000000000.00		0	0	11	12	0	37.19	102.86	0.8	0.5	5	0.1	2.5	2.5	0.9	0.99	0.5	0.1	0.9	15	-9	0.12	79.5	0.965	1	0	1	1	1	0	0	0
20200325	104900	1112	-2	-2	-2	-2	9	-2.00	1.00	8516590000.00	974575000000000.00		0	0	11	12	0	37.19	102.86	0.8	0.5	5	0.1	2.5	2.5	0.9	0.99	0.5	0.1	0.9	15	-9	0.12	79.5	0.965	1	0	1	1	1	0	0	0
20200325	105000	1112	-2	-2	-2	-2	9	-2.00	1.00	8972560000.00	1018710000000000.00		0	0	11	12	0	37.19	102.86	0.8	0.5	5	0.1	2.5	2.5	0.9	0.99	0.5	0.1	0.9	15	-9	0.12	79.5	0.965	1	0	1	1	1	0	0	0
20200325	105100	1112	-2	-2	-2	-2	9	-2.00	1.00	9506400000.00	1073600000000000.00		0	0	11	12	0	37.19	102.86	0.8	0.5	5	0.1	2.5	2.5	0.9	0.99	0.5	0.1	0.9	15	-9	0.12	79.5	0.965	1	0	1	1	1	0	0	0
20200325	105200	1112	-2	-2	-2	-2	9	-2.00	1.00	14603700000.00	1099810000000000.00		0	0	11	12	0	37.19	102.86	0.8	0.5	5	0.1	2.5	2.5	0.9	0.99	0.5	0.1	0.9	15	-9	0.12	79.5	0.965	1	0	1	1	1	0	0	0
20200325	105300	1112	-2	-2	-2	-2	9	-2.00	1.00	17727600000.00	835481000000000.00		0	0	11	12	0	37.19	102.86	0.8	0.5	5	0.1	2.5	2.5	0.9	0.99	0.5	0.1	0.9	15	-9	0.12	79.5	0.965	1	0	1	1	1	0	0	0
20200325	105400	1112	-2	-2	-2	-2	9	-2.00	1.00	17330500000.00	920309000000000.00		0	0	11	12	0	37.19	102.86	0.8	0.5	5	0.1	2.5	2.5	0.9	0.99	0.5	0.1	0.9	15	-9	0.12	79.5	0.965	1	0	1	1	1	0	0	0
20200325	105500	1112	-2	-2	-2	-2	9	-2.00	1.00	24358600000.00	1014790000000000.00		0	0	11	12	0	37.19	102.86	0.8	0.5	5	0.1	2.5	2.5	0.9	0.99	0.5	0.1	0.9	15	-9	0.12	79.5	0.965	1	0	1	1	1	0	0	0
20200325	105600	1112	-2	-2	-2	-2	9	-2.00	1.00	31984300000.00	990837000000000.00		0	0	11	12	0	37.19	102.86	0.8	0.5	5	0.1	2.5	2.5	0.9	0.99	0.5	0.1	0.9	15	-9	0.12	79.5	0.965	1	0	1	1	1	0	0	0
20200325	105700	1112	-2	-2	-2	-2	9	-2.00	1.00	41344800000.00	1273460000000000.00		0	0	11	12	0	37.19	102.86	0.8	0.5	5	0.1	2.5	2.5	0.9	0.99	0.5	0.1	0.9	15	-9	0.12	79.5	0.965	1	0	1	1	1	0	0	0
20200325	105800	1112	-2	-2	-2	-2	9	-2.00	1.00	47340100000.00	1271800000000000.00		0	0	11	12	0	37.19	102.86	0.8	0.5	5	0.1	2.5	2.5	0.9	0.99	0.5	0.1	0.9	15	-9	0.12	79.5	0.965	1	0	1	1	1	0	0	0
20200325	105900	1112	-2	-2	-2	-2	9	-2.00	1.00	38329500000.00	1238650000000000.00		0	0	11	12	0	37.19	102.86	0.8	0.5	5	0.1	2.5	2.5	0.9	0.99	0.5	0.1	0.9	15	-9	0.12	79.5	0.965	1	0	1	1	1	0	0	0
20200325	110000	1112	-2	-2	-2	-2	9	-2.00	1.00	24098000000.00	1044410000000000.00		0	0	11	12	0	37.19	102.86	0.8	0.5	5	0.1	2.5	2.5	0.9	0.99	0.5	0.1	0.9	15	-9	0.12	79.5	0.965	1	0	1	1	1	0	0	0
20200325	110100	1112	-2	-2	-2	-2	9	-2.00	1.00	29381500000.00	1039860000000000.00		0	0	11	12	0	37.19	102.86	0.8	0.5	5	0.1	2.5	2.5	0.9	0.99	0.5	0.1	0.9	15	-9	0.12	79.5	0.965	1	0	1	1	1	0	0	0
20200325	110200	1112	-2	-2	-2	-2	9	-2.00	1.00	27755300000.00	1242860000000000.00		0	0	11	12	0	37.19	102.86	0.8	0.5	5	0.1	2.5	2.5	0.9	0.99	0.5	0.1	0.9	15	-9	0.12	79.5	0.965	1	0	1	1	1	0	0	0
20200325	110300	1112	-2	-2	-2	-2	9	-2.00	1.00	27284500000.00	1490380000000000.00		0	0	11	12	0	37.19	102.86	0.8	0.5	5	0.1	2.5	2.5	0.9	0.99	0.5	0.1	0.9	15	-9	0.12	79.5	0.965	1	0	1	1	1	0	0	0
20200325	110400	1112	-2	-2	-2	-2	9	-2.00	1.00	24671100000.00	1410550000000000.00		0	0	11	12	0	37.19	102.86	0.8	0.5	5	0.1	2.5	2.5	0.9	0.99	0.5	0.1	0.9	15	-9	0.12	79.5	0.965	1	0	1	1	1	0	0	0
20200325	110500	1112	-2	-2	-2	-2	9	-2.00	1.00	32519000000.00	1368470000000000.00		0	0	11	12	0	37.19	102.86	0.8	0.5	5	0.1	2.5	2.5	0.9	0.99	0.5	0.1	0.9	15	-9	0.12	79.5	0.965	1	0	1	1	1	0	0	0
20200325	110600	1112	-2	-2	-2	-2	9	-2.00	1.00	47089800000.00	1598320000000000.00		0	0	11	12	0	37.19	102.86	0.8	0.5	5	0.1	2.5	2.5	0.9	0.99	0.5	0.1	0.9	15	-9	0.12	79.5	0.965	1	0	1	1	1	0	0	0
20200325	110700	1112	-2	-2	-2	-2	9	-2.00	1.00	47815900000.00	1433700000000000.00		0	0	11	12	0	37.19	102.86	0.8	0.5	5	0.1	2.5	2.5	0.9	0.99	0.5	0.1	0.9	15	-9	0.12	79.5	0.965	1	0	1	1	1	0	0	0
20200325	110800	1112	-2	-2	-2	-2	9	-2.00	1.00	69011700000.00	1474070000000000.00		0	0	11	12	0	37.19	102.86	0.8	0.5	5	0.1	2.5	2.5	0.9	0.99	0.5	0.1	0.9	15	-9	0.12	79.5	0.965	1	0	1	1	1	0	0	0
20200325	110900	1112	-2	-2	-2	-2	9	-2.00	1.00	99115300000.00	1608070000000000.00		0	0	11	12	0	37.19	102.86	0.8	0.5	5	0.1	2.5	2.5	0.9	0.99	0.5	0.1	0.9	15	-9	0.12	79.5	0.965	1	0	1	1	1	0	0	0
20200325	111000	1112	-2	-2	-2	-2	9	-2.00	1.00	98522000000.00	1462680000000000.00		0	0	11	12	0	37.19	102.86	0.8	0.5	5	0.1	2.5	2.5	0.9	0.99	0.5	0.1	0.9	15	-9	0.12	79.5	0.965	1	0	1	1	1	0	0	0
20200325	111100	1112	-2	-2	-2	-2	9	-2.00	1.00	96840000000.00	1682710000000000.00		0	0	11	12	0	37.19	102.86	0.8	0.5	5	0.1	2.5	2.5	0.9	0.99	0.5	0.1	0.9	15	-9	0.12	79.5	0.965	1	0	1	1	1	0	0	0
20200325	111200	1112	-2	-2	-2	-2	9	-2.00	1.00	88047500000.00	1765380000000000.00		0	0	11	12	0	37.19	102.86	0.8	0.5	5	0.1	2.5	2.5	0.9	0.99	0.5	0.1	0.9	15	-9	0.12	79.5	0.965	1	0	1	1	1	0	0	0
20200325	111300	1112	-2	-2	-2	-2	9	-2.00	1.00	83003800000.00	1656660000000000.00		0	0	11	12	0	37.19	102.86	0.8	0.5	5	0.1	2.5	2.5	0.9	0.99	0.5	0.1	0.9	15	-9	0.12	79.5	0.965	1	0	1	1	1	0	0	0
20200325	111400	1112	-2	-2	-2	-2	9	-2.00	1.00	107273000000.00	1867390000000000.00		0	0	11	12	0	37.19	102.86	0.8	0.5	5	0.1	2.5	2.5	0.9	0.99	0.5	0.1	0.9	15	-9	0.12	79.5	0.965	1	0	1	1	1	0	0	0
20200325	111500	1112	-2	-2	-2	-2	9	-2.00	1.00	110959000000.00	1951450000000000.00		0	0	11	12	0	37.19	102.86	0.8	0.5	5	0.1	2.5	2.5	0.9	0.99	0.5	0.1	0.9	15	-9	0.12	79.5	0.965	1	0	1	1	1	0	0	0
20200325	111600	1112	-2	-2	-2	-2	9	-2.00	1.00	103568000000.00	2153890000000000.00		0	0	11	12	0	37.19	102.86	0.8	0.5	5	0.1	2.5	2.5	0.9	0.99	0.5	0.1	0.9	15	-9	0.12	79.5	0.965	1	0	1	1	1	0	0	0
20200325	111700	1112	-2	-2	-2	-2	9	-2.00	1.00	134852000000.00	2299180000000000.00		0	0	11	12	0	37.19	102.86	0.8	0.5	5	0.1	2.5	2.5	0.9	0.99	0.5	0.1	0.9	15	-9	0.12	79.5	0.965	1	0	1	1	1	0	0	0
20200325	111800	1112	-2	-2	-2	-2	9	-2.00	1.00	194054000000.00	2562180000000000.00		0	0	11	12	0	37.19	102.86	0.8	0.5	5	0.1	2.5	2.5	0.9	0.99	0.5	0.1	0.9	15	-9	0.12	79.5	0.965	1	0	1	1	1	0	0	0
20200325	111900	1112	-2	-2	-2	-2	9	-2.00	1.00	186559000000.00	2685740000000000.00		0	0	11	12	0	37.19	102.86	0.8	0.5	5	0.1	2.5	2.5	0.9	0.99	0.5	0.1	0.9	15	-9	0.12	79.5	0.965	1	0	1	1	1	0	0	0
20200325	112000	1112	-2	-2	-2	-2	9	-2.00	1.00	233858000000.00	2639260000000000.00		0	0	11	12	0	37.19	102.86	0.8	0.5	5	0.1	2.5	2.5	0.9	0.99	0.5	0.1	0.9	15	-9	0.12	79.5	0.965	1	0	1	1	1	0	0	0
20200325	112100	1112	-2	-2	-2	-2	9	-2.00	1.00	251462000000.00	2690850000000000.00		0	0	11	12	0	37.19	102.86	0.8	0.5	5	0.1	2.5	2.5	0.9	0.99	0.5	0.1	0.9	15	-9	0.12	79.5	0.965	1	0	1	1	1	0	0	0
20200325	112200	1112	-2	-2	-2	-2	9	-2.00	1.00	254713000000.00	2802010000000000.00		0	0	11	12	0	37.19	102.86	0.8	0.5	5	0.1	2.5	2.5	0.9	0.99	0.5	0.1	0.9	15	-9	0.12	79.5	0.965	1	0	1	1	1	0	0	0
20200325	112300	1112	-2	-2	-2	-2	9	-2.00	1.00	360262000000.00	2726180000000000.00		0	0	11	12	0	37.19	102.86	0.8	0.5	5	0.1	2.5	2.5	0.9	0.99	0.5	0.1	0.9	15	-9	0.12	79.5	0.965	1	0	1	1	1	0	0	0
20200325	112400	1112	-2	-2	-2	-2	9	-2.00	1.00	278635000000.00	2756530000000000.00		0	0	11	12	0	37.19	102.86	0.8	0.5	5	0.1	2.5	2.5	0.9	0.99	0.5	0.1	0.9	15	-9	0.12	79.5	0.965	1	0	1	1	1	0	0	0
20200325	112500	1112	-2	-2	-2	-2	9	-2.00	1.00	231061000000.00	2720420000000000.00		0	0	11	12	0	37.19	102.86	0.8	0.5	5	0.1	2.5	2.5	0.9	0.99	0.5	0.1	0.9	15	-9	0.12	79.5	0.965	1	0	1	1	1	0	0	0
20200325	112600	1112	-2	-2	-2	-2	9	-2.00	1.00	236349000000.00	2746420000000000.00		0	0	11	12	0	37.19	102.86	0.8	0.5	5	0.1	2.5	2.5	0.9	0.99	0.5	0.1	0.9	15	-9	0.12	79.5	0.965	1	0	1	1	1	0	0	0
20200325	112700	1112	-2	-2	-2	-2	9	-2.00	1.00	327512000000.00	2671210000000000.00		0	0	11	12	0	37.19	102.86	0.8	0.5	5	0.1	2.5	2.5	0.9	0.99	0.5	0.1	0.9	15	-9	0.12	79.5	0.965	1	0	1	1	1	0	0	0
20200325	112800	1112	-2	-2	-2	-2	9	-2.00	1.00	282328000000.00	2791150000000000.00		0	0	11	12	0	37.19	102.86	0.8	0.5	5	0.1	2.5	2.5	0.9	0.99	0.5	0.1	0.9	15	-9	0.12	79.5	0.965	1	0	1	1	1	0	0	0
20200325	112900	1112	-2	-2	-2	-2	9	-2.00	1.00	263458000000.00	2698040000000000.00		0	0	11	12	0	37.19	102.86	0.8	0.5	5	0.1	2.5	2.5	0.9	0.99	0.5	0.1	0.9	15	-9	0.12	79.5	0.965	1	0	1	1	1	0	0	0
20200325	113000	1112	-2	-2	-2	-2	9	-2.00	1.00	304468000000.00	2711200000000000.00		0	0	11	12	0	37.19	102.86	0.8	0.5	5	0.1	2.5	2.5	0.9	0.99	0.5	0.1	0.9	15	-9	0.12	79.5	0.965	1	0	1	1	1	0	0	0
20200325	113100	1112	-2	-2	-2	-2	9	-2.00	1.00	289961000000.00	2807730000000000.00		0	0	11	12	0	37.19	102.86	0.8	0.5	5	0.1	2.5	2.5	0.9	0.99	0.5	0.1	0.9	15	-9	0.12	79.5	0.965	1	0	1	1	1	0	0	0
20200325	113200	1112	-2	-2	-2	-2	9	-2.00	1.00	272664000000.00	2709160000000000.00		0	0	11	12	0	37.19	102.86	0.8	0.5	5	0.1	2.5	2.5	0.9	0.99	0.5	0.1	0.9	15	-9	0.12	79.5	0.965	1	0	1	1	1	0	0	0
20200325	113300	1112	-2	-2	-2	-2	9	-2.00	1.00	201044000000.00	2781220000000000.00		0	0	11	12	0	37.19	102.86	0.8	0.5	5	0.1	2.5	2.5	0.9	0.99	0.5	0.1	0.9	15	-9	0.12	79.5	0.965	1	0	1	1	1	0	0	0
20200325	113400	1112	-2	-2	-2	-2	9	-2.00	1.00	282538000000.00	2869000000000000.00		0	0	11	12	0	37.19	102.86	0.8	0.5	5	0.1	2.5	2.5	0.9	0.99	0.5	0.1	0.9	15	-9	0.12	79.5	0.965	1	0	1	1	1	0	0	0
20200325	113500	1112	-2	-2	-2	-2	9	-2.00	1.00	210644000000.00	2720910000000000.00		0	0	11	12	0	37.19	102.86	0.8	0.5	5	0.1	2.5	2.5	0.9	0.99	0.5	0.1	0.9	15	-9	0.12	79.5	0.965	1	0	1	1	1	0	0	0
20200325	113600	1112	-2	-2	-2	-2	9	-2.00	1.00	262951000000.00	2794770000000000.00		0	0	11	12	0	37.19	102.86	0.8	0.5	5	0.1	2.5	2.5	0.9	0.99	0.5	0.1	0.9	15	-9	0.12	79.5	0.965	1	0	1	1	1	0	0	0
20200325	113700	1112	-2	-2	-2	-2	9	-2.00	1.00	149248000000.00	2821040000000000.00		0	0	11	12	0	37.19	102.86	0.8	0.5	5	0.1	2.5	2.5	0.9	0.99	0.5	0.1	0.9	15	-9	0.12	79.5	0.965	1	0	1	1	1	0	0	0
20200325	113800	1112	-2	-2	-2	-2	9	-2.00	1.00	149299000000.00	2815110000000000.00		0	0	11	12	0	37.19	102.86	0.8	0.5	5	0.1	2.5	2.5	0.9	0.99	0.5	0.1	0.9	15	-9	0.12	79.5	0.965	1	0	1	1	1	0	0	0
20200325	113900	1112	-2	-2	-2	-2	9	-2.00	1.00	136239000000.00	2902190000000000.00		0	0	11	12	0	37.19	102.86	0.8	0.5	5	0.1	2.5	2.5	0.9	0.99	0.5	0.1	0.9	15	-9	0.12	79.5	0.965	1	0	1	1	1	0	0	0
20200325	114000	1112	-2	-2	-2	-2	9	-2.00	1.00	193764000000.00	2816180000000000.00		0	0	11	12	0	37.19	102.86	0.8	0.5	5	0.1	2.5	2.5	0.9	0.99	0.5	0.1	0.9	15	-9	0.12	79.5	0.965	1	0	1	1	1	0	0	0
20200325	114100	1112	-2	-2	-2	-2	9	-2.00	1.00	515172000000.00	3119310000000000.00		0	0	11	12	0	37.19	102.86	0.8	0.5	5	0.1	2.5	2.5	0.9	0.99	0.5	0.1	0.9	15	-9	0.12	79.5	0.965	1	0	1	1	1	0	0	0
20200325	114200	1112	-2	-2	-2	-2	9	-2.00	1.00	144229000000.00	3007830000000000.00		0	0	11	12	0	37.19	102.86	0.8	0.5	5	0.1	2.5	2.5	0.9	0.99	0.5	0.1	0.9	15	-9	0.12	79.5	0.965	1	0	1	1	1	0	0	0
20200325	114300	1112	-2	-2	-2	-2	9	-2.00	1.00	213578000000.00	3151640000000000.00		0	0	11	12	0	37.19	102.86	0.8	0.5	5	0.1	2.5	2.5	0.9	0.99	0.5	0.1	0.9	15	-9	0.12	79.5	0.965	1	0	1	1	1	0	0	0
20200325	114400	1112	-2	-2	-2	-2	9	-2.00	1.00	92034100000.00	3100810000000000.00		0	0	11	12	0	37.19	102.86	0.8	0.5	5	0.1	2.5	2.5	0.9	0.99	0.5	0.1	0.9	15	-9	0.12	79.5	0.965	1	0	1	1	1	0	0	0
20200325	114500	1112	-2	-2	-2	-2	9	-2.00	1.00	50606500000.00	2851330000000000.00		0	0	11	12	0	37.19	102.86	0.8	0.5	5	0.1	2.5	2.5	0.9	0.99	0.5	0.1	0.9	15	-9	0.12	79.5	0.965	1	0	1	1	1	0	0	0
20200325	114600	1112	-2	-2	-2	-2	9	-2.00	1.00	5692770000.00	3041690000000000.00		0	0	11	12	0	37.19	102.86	0.8	0.5	5	0.1	2.5	2.5	0.9	0.99	0.5	0.1	0.9	15	-9	0.12	79.5	0.965	1	0	1	1	1	0	0	0
20200325	114700	1112	-2	-2	-2	-2	9	-2.00	1.00	31707900000.00	2755750000000000.00		0	0	11	12	0	37.19	102.86	0.8	0.5	5	0.1	2.5	2.5	0.9	0.99	0.5	0.1	0.9	15	-9	0.12	79.5	0.965	1	0	1	1	1	0	0	0
20200325	114800	1112	-2	-2	-2	-2	9	-2.00	1.00	173595000000.00	2445550000000000.00		0	0	11	12	0	37.19	102.86	0.8	0.5	5	0.1	2.5	2.5	0.9	0.99	0.5	0.1	0.9	15	-9	0.12	79.5	0.965	1	0	1	1	1	0	0	0
20200325	114900	1112	-2	-2	-2	-2	9	-2.00	1.00	285308000000.00	2421160000000000.00		0	0	11	12	0	37.19	102.86	0.8	0.5	5	0.1	2.5	2.5	0.9	0.99	0.5	0.1	0.9	15	-9	0.12	79.5	0.965	1	0	1	1	1	0	0	0
20200325	115000	1112	-2	-2	-2	-2	9	-2.00	1.00	83800100000.00	2711770000000000.00		0	0	11	12	0	37.19	102.86	0.8	0.5	5	0.1	2.5	2.5	0.9	0.99	0.5	0.1	0.9	15	-9	0.12	79.5	0.965	1	0	1	1	1	0	0	0
20200325	115100	1112	-2	-2	-2	-2	9	-2.00	1.00	222585000000.00	2582200000000000.00		0	0	11	12	0	37.19	102.86	0.8	0.5	5	0.1	2.5	2.5	0.9	0.99	0.5	0.1	0.9	15	-9	0.12	79.5	0.965	1	0	1	1	1	0	0	0
20200325	115200	1112	-2	-2	-2	-2	9	-2.00	1.00	229027000000.00	2657480000000000.00		0	0	11	12	0	37.19	102.86	0.8	0.5	5	0.1	2.5	2.5	0.9	0.99	0.5	0.1	0.9	15	-9	0.12	79.5	0.965	1	0	1	1	1	0	0	0
20200325	115300	1112	-2	-2	-2	-2	9	-2.00	1.00	401893000000.00	2780870000000000.00		0	0	11	12	0	37.19	102.86	0.8	0.5	5	0.1	2.5	2.5	0.9	0.99	0.5	0.1	0.9	15	-9	0.12	79.5	0.965	1	0	1	1	1	0	0	0
20200325	115400	1112	-2	-2	-2	-2	9	-2.00	1.00	954105000000.00	2663250000000000.00		0	0	11	12	0	37.19	102.86	0.8	0.5	5	0.1	2.5	2.5	0.9	0.99	0.5	0.1	0.9	15	-9	0.12	79.5	0.965	1	0	1	1	1	0	0	0
20200325	115500	1112	-2	-2	-2	-2	9	-2.00	1.00	296936000000.00	2457810000000000.00		0	0	11	12	0	37.19	102.86	0.8	0.5	5	0.1	2.5	2.5	0.9	0.99	0.5	0.1	0.9	15	-9	0.12	79.5	0.965	1	0	1	1	1	0	0	0
20200325	115600	1112	-2	-2	-2	-2	9	-2.00	1.00	494289000000.00	2831280000000000.00		0	0	11	12	0	37.19	102.86	0.8	0.5	5	0.1	2.5	2.5	0.9	0.99	0.5	0.1	0.9	15	-9	0.12	79.5	0.965	1	0	1	1	1	0	0	0
20200325	115700	1112	-2	-2	-2	-2	9	-2.00	1.00	116902000000.00	2575020000000000.00		0	0	11	12	0	37.19	102.86	0.8	0.5	5	0.1	2.5	2.5	0.9	0.99	0.5	0.1	0.9	15	-9	0.12	79.5	0.965	1	0	1	1	1	0	0	0
20200325	115800	1112	-2	-2	-2	-2	9	-2.00	1.00	103738000000.00	2729150000000000.00		0	0	11	12	0	37.19	102.86	0.8	0.5	5	0.1	2.5	2.5	0.9	0.99	0.5	0.1	0.9	15	-9	0.12	79.5	0.965	1	0	1	1	1	0	0	0
20200325	115900	1112	-2	-2	-2	-2	9	-2.00	1.00	202378000000.00	2753180000000000.00		0	0	11	12	0	37.19	102.86	0.8	0.5	5	0.1	2.5	2.5	0.9	0.99	0.5	0.1	0.9	15	-9	0.12	79.5	0.965	1	0	1	1	1	0	0	0
20200325	230000	1112	-2	-2	-2	-2	9	-2.00	1.00	286489000000.00	2722880000000000.00		0	0	11	12	0	37.19	102.86	0.8	0.5	5	0.1	2.5	2.5	0.9	0.99	0.5	0.1	0.9	15	-9	0.12	79.5	0.965	1	0	1	1	1	0	0	0
20200325	230100	1112	-2	-2	-2	-2	9	-2.00	1.00	410340000000.00	2857890000000000.00		0	0	11	12	0	37.19	102.86	0.8	0.5	5	0.1	2.5	2.5	0.9	0.99	0.5	0.1	0.9	15	-9	0.12	79.5	0.965	1	0	1	1	1	0	0	0
20200325	230200	1112	-2	-2	-2	-2	9	-2.00	1.00	411931000000.00	3077490000000000.00		0	0	11	12	0	37.19	102.86	0.8	0.5	5	0.1	2.5	2.5	0.9	0.99	0.5	0.1	0.9	15	-9	0.12	79.5	0.965	1	0	1	1	1	0	0	0
20200325	230300	1112	-2	-2	-2	-2	9	-2.00	1.00	422314000000.00	2978570000000000.00		0	0	11	12	0	37.19	102.86	0.8	0.5	5	0.1	2.5	2.5	0.9	0.99	0.5	0.1	0.9	15	-9	0.12	79.5	0.965	1	0	1	1	1	0	0	0
20200325	230400	1112	-2	-2	-2	-2	9	-2.00	1.00	353463000000.00	3187370000000000.00		0	0	11	12	0	37.19	102.86	0.8	0.5	5	0.1	2.5	2.5	0.9	0.99	0.5	0.1	0.9	15	-9	0.12	79.5	0.965	1	0	1	1	1	0	0	0
20200325	230500	1112	-2	-2	-2	-2	9	-2.00	1.00	393940000000.00	3003820000000000.00		0	0	11	12	0	37.19	102.86	0.8	0.5	5	0.1	2.5	2.5	0.9	0.99	0.5	0.1	0.9	15	-9	0.12	79.5	0.965	1	0	1	1	1	0	0	0
20200325	230600	1112	-2	-2	-2	-2	9	-2.00	1.00	282589000000.00	3007710000000000.00		0	0	11	12	0	37.19	102.86	0.8	0.5	5	0.1	2.5	2.5	0.9	0.99	0.5	0.1	0.9	15	-9	0.12	79.5	0.965	1	0	1	1	1	0	0	0
20200325	230700	1112	-2	-2	-2	-2	9	-2.00	1.00	261018000000.00	2455130000000000.00		0	0	11	12	0	37.19	102.86	0.8	0.5	5	0.1	2.5	2.5	0.9	0.99	0.5	0.1	0.9	15	-9	0.12	79.5	0.965	1	0	1	1	1	0	0	0
20200325	230800	1112	-2	-2	-2	-2	9	-2.00	1.00	226470000000.00	2225110000000000.00		0	0	11	12	0	37.19	102.86	0.8	0.5	5	0.1	2.5	2.5	0.9	0.99	0.5	0.1	0.9	15	-9	0.12	79.5	0.965	1	0	1	1	1	0	0	0
20200325	230900	1112	-2	-2	-2	-2	9	-2.00	1.00	200783000000.00	2249080000000000.00		0	0	11	12	0	37.19	102.86	0.8	0.5	5	0.1	2.5	2.5	0.9	0.99	0.5	0.1	0.9	15	-9	0.12	79.5	0.965	1	0	1	1	1	0	0	0
20200325	231000	1112	-2	-2	-2	-2	9	-2.00	1.00	139668000000.00	2067060000000000.00		0	0	11	12	0	37.19	102.86	0.8	0.5	5	0.1	2.5	2.5	0.9	0.99	0.5	0.1	0.9	15	-9	0.12	79.5	0.965	1	0	1	1	1	0	0	0
20200325	231100	1112	-2	-2	-2	-2	9	-2.00	1.00	132733000000.00	2053330000000000.00		0	0	11	12	0	37.19	102.86	0.8	0.5	5	0.1	2.5	2.5	0.9	0.99	0.5	0.1	0.9	15	-9	0.12	79.5	0.965	1	0	1	1	1	0	0	0
20200325	231200	1112	-2	-2	-2	-2	9	-2.00	1.00	115749000000.00	1989400000000000.00		0	0	11	12	0	37.19	102.86	0.8	0.5	5	0.1	2.5	2.5	0.9	0.99	0.5	0.1	0.9	15	-9	0.12	79.5	0.965	1	0	1	1	1	0	0	0
20200325	231300	1112	-2	-2	-2	-2	9	-2.00	1.00	92446300000.00	1596290000000000.00		0	0	11	12	0	37.19	102.86	0.8	0.5	5	0.1	2.5	2.5	0.9	0.99	0.5	0.1	0.9	15	-9	0.12	79.5	0.965	1	0	1	1	1	0	0	0
20200325	231400	1112	-2	-2	-2	-2	9	-2.00	1.00	61504700000.00	1569440000000000.00		0	0	11	12	0	37.19	102.86	0.8	0.5	5	0.1	2.5	2.5	0.9	0.99	0.5	0.1	0.9	15	-9	0.12	79.5	0.965	1	0	1	1	1	0	0	0
20200325	231500	1112	-2	-2	-2	-2	9	-2.00	1.00	88091300000.00	1709490000000000.00		0	0	11	12	0	37.19	102.86	0.8	0.5	5	0.1	2.5	2.5	0.9	0.99	0.5	0.1	0.9	15	-9	0.12	79.5	0.965	1	0	1	1	1	0	0	0
20200325	231600	1112	-2	-2	-2	-2	9	-2.00	1.00	47158200000.00	1745150000000000.00		0	0	11	12	0	37.19	102.86	0.8	0.5	5	0.1	2.5	2.5	0.9	0.99	0.5	0.1	0.9	15	-9	0.12	79.5	0.965	1	0	1	1	1	0	0	0
20200325	231700	1112	-2	-2	-2	-2	9	-2.00	1.00	47976000000.00	1478100000000000.00		0	0	11	12	0	37.19	102.86	0.8	0.5	5	0.1	2.5	2.5	0.9	0.99	0.5	0.1	0.9	15	-9	0.12	79.5	0.965	1	0	1	1	1	0	0	0
20200325	231800	1112	-2	-2	-2	-2	9	-2.00	1.00	68179600000.00	1543320000000000.00		0	0	11	12	0	37.19	102.86	0.8	0.5	5	0.1	2.5	2.5	0.9	0.99	0.5	0.1	0.9	15	-9	0.12	79.5	0.965	1	0	1	1	1	0	0	0
20200325	231900	1112	-2	-2	-2	-2	9	-2.00	1.00	45793800000.00	1475040000000000.00		0	0	11	12	0	37.19	102.86	0.8	0.5	5	0.1	2.5	2.5	0.9	0.99	0.5	0.1	0.9	15	-9	0.12	79.5	0.965	1	0	1	1	1	0	0	0
20200325	232000	1112	-2	-2	-2	-2	9	-2.00	1.00	30132600000.00	1472470000000000.00		0	0	11	12	0	37.19	102.86	0.8	0.5	5	0.1	2.5	2.5	0.9	0.99	0.5	0.1	0.9	15	-9	0.12	79.5	0.965	1	0	1	1	1	0	0	0
20200325	232100	1112	-2	-2	-2	-2	9	-2.00	1.00	70560500000.00	1395550000000000.00		0	0	11	12	0	37.19	102.86	0.8	0.5	5	0.1	2.5	2.5	0.9	0.99	0.5	0.1	0.9	15	-9	0.12	79.5	0.965	1	0	1	1	1	0	0	0
20200325	232200	1112	-2	-2	-2	-2	9	-2.00	1.00	57487100000.00	1321570000000000.00		0	0	11	12	0	37.19	102.86	0.8	0.5	5	0.1	2.5	2.5	0.9	0.99	0.5	0.1	0.9	15	-9	0.12	79.5	0.965	1	0	1	1	1	0	0	0
20200325	232300	1112	-2	-2	-2	-2	9	-2.00	1.00	63866900000.00	1353500000000000.00		0	0	11	12	0	37.19	102.86	0.8	0.5	5	0.1	2.5	2.5	0.9	0.99	0.5	0.1	0.9	15	-9	0.12	79.5	0.965	1	0	1	1	1	0	0	0
20200325	232400	1112	-2	-2	-2	-2	9	-2.00	1.00	43734500000.00	1501190000000000.00		0	0	11	12	0	37.19	102.86	0.8	0.5	5	0.1	2.5	2.5	0.9	0.99	0.5	0.1	0.9	15	-9	0.12	79.5	0.965	1	0	1	1	1	0	0	0
20200325	232500	1112	-2	-2	-2	-2	9	-2.00	1.00	57078800000.00	1246340000000000.00		0	0	11	12	0	37.19	102.86	0.8	0.5	5	0.1	2.5	2.5	0.9	0.99	0.5	0.1	0.9	15	-9	0.12	79.5	0.965	1	0	1	1	1	0	0	0
20200325	232600	1112	-2	-2	-2	-2	9	-2.00	1.00	13590200000.00	1219570000000000.00		0	0	11	12	0	37.19	102.86	0.8	0.5	5	0.1	2.5	2.5	0.9	0.99	0.5	0.1	0.9	15	-9	0.12	79.5	0.965	1	0	1	1	1	0	0	0
20200325	232700	1112	-2	-2	-2	-2	9	-2.00	1.00	35254300000.00	1384930000000000.00		0	0	11	12	0	37.19	102.86	0.8	0.5	5	0.1	2.5	2.5	0.9	0.99	0.5	0.1	0.9	15	-9	0.12	79.5	0.965	1	0	1	1	1	0	0	0
20200325	232800	1112	-2	-2	-2	-2	9	-2.00	1.00	18339400000.00	1289480000000000.00		0	0	11	12	0	37.19	102.86	0.8	0.5	5	0.1	2.5	2.5	0.9	0.99	0.5	0.1	0.9	15	-9	0.12	79.5	0.965	1	0	1	1	1	0	0	0
20200325	232900	1112	-2	-2	-2	-2	9	-2.00	1.00	43706400000.00	1234100000000000.00		0	0	11	12	0	37.19	102.86	0.8	0.5	5	0.1	2.5	2.5	0.9	0.99	0.5	0.1	0.9	15	-9	0.12	79.5	0.965	1	0	1	1	1	0	0	0
20200325	233000	1112	-2	-2	-2	-2	9	-2.00	1.00	10339500000.00	1177020000000000.00		0	0	11	12	0	37.19	102.86	0.8	0.5	5	0.1	2.5	2.5	0.9	0.99	0.5	0.1	0.9	15	-9	0.12	79.5	0.965	1	0	1	1	1	0	0	0
20200325	233100	1112	-2	-2	-2	-2	9	-2.00	1.00	21316600000.00	1154210000000000.00		0	0	11	12	0	37.19	102.86	0.8	0.5	5	0.1	2.5	2.5	0.9	0.99	0.5	0.1	0.9	15	-9	0.12	79.5	0.965	1	0	1	1	1	0	0	0
20200325	233200	1112	-2	-2	-2	-2	9	-2.00	1.00	21520800000.00	1235700000000000.00		0	0	11	12	0	37.19	102.86	0.8	0.5	5	0.1	2.5	2.5	0.9	0.99	0.5	0.1	0.9	15	-9	0.12	79.5	0.965	1	0	1	1	1	0	0	0
20200325	233300	1112	-2	-2	-2	-2	9	-2.00	1.00	20784600000.00	1126810000000000.00		0	0	11	12	0	37.19	102.86	0.8	0.5	5	0.1	2.5	2.5	0.9	0.99	0.5	0.1	0.9	15	-9	0.12	79.5	0.965	1	0	1	1	1	0	0	0
20200325	233400	1112	-2	-2	-2	-2	9	-2.00	1.00	24334500000.00	1327530000000000.00		0	0	11	12	0	37.19	102.86	0.8	0.5	5	0.1	2.5	2.5	0.9	0.99	0.5	0.1	0.9	15	-9	0.12	79.5	0.965	1	0	1	1	1	0	0	0
20200325	233500	1112	-2	-2	-2	-2	9	-2.00	1.00	13016000000.00	1207590000000000.00		0	0	11	12	0	37.19	102.86	0.8	0.5	5	0.1	2.5	2.5	0.9	0.99	0.5	0.1	0.9	15	-9	0.12	79.5	0.965	1	0	1	1	1	0	0	0
20200325	233600	1112	-2	-2	-2	-2	9	-2.00	1.00	8962840000.00	1069420000000000.00		0	0	11	12	0	37.19	102.86	0.8	0.5	5	0.1	2.5	2.5	0.9	0.99	0.5	0.1	0.9	15	-9	0.12	79.5	0.965	1	0	1	1	1	0	0	0
20200325	233700	1112	-2	-2	-2	-2	9	-2.00	1.00	34474800000.00	1022620000000000.00		0	0	11	12	0	37.19	102.86	0.8	0.5	5	0.1	2.5	2.5	0.9	0.99	0.5	0.1	0.9	15	-9	0.12	79.5	0.965	1	0	1	1	1	0	0	0
20200325	233800	1112	-2	-2	-2	-2	9	-2.00	1.00	24444500000.00	1014560000000000.00		0	0	11	12	0	37.19	102.86	0.8	0.5	5	0.1	2.5	2.5	0.9	0.99	0.5	0.1	0.9	15	-9	0.12	79.5	0.965	1	0	1	1	1	0	0	0
20200325	233900	1112	-2	-2	-2	-2	9	-2.00	1.00	16451600000.00	1030590000000000.00		0	0	11	12	0	37.19	102.86	0.8	0.5	5	0.1	2.5	2.5	0.9	0.99	0.5	0.1	0.9	15	-9	0.12	79.5	0.965	1	0	1	1	1	0	0	0
20200325	234000	1112	-2	-2	-2	-2	9	-2.00	1.00	13336100000.00	1287770000000000.00		0	0	11	12	0	37.19	102.86	0.8	0.5	5	0.1	2.5	2.5	0.9	0.99	0.5	0.1	0.9	15	-9	0.12	79.5	0.965	1	0	1	1	1	0	0	0
20200325	234100	1112	-2	-2	-2	-2	9	-2.00	1.00	23417800000.00	1071540000000000.00		0	0	11	12	0	37.19	102.86	0.8	0.5	5	0.1	2.5	2.5	0.9	0.99	0.5	0.1	0.9	15	-9	0.12	79.5	0.965	1	0	1	1	1	0	0	0
20200325	234200	1112	-2	-2	-2	-2	9	-2.00	1.00	21564500000.00	1153710000000000.00		0	0	11	12	0	37.19	102.86	0.8	0.5	5	0.1	2.5	2.5	0.9	0.99	0.5	0.1	0.9	15	-9	0.12	79.5	0.965	1	0	1	1	1	0	0	0
20200325	234300	1112	-2	-2	-2	-2	9	-2.00	1.00	19183100000.00	1125030000000000.00		0	0	11	12	0	37.19	102.86	0.8	0.5	5	0.1	2.5	2.5	0.9	0.99	0.5	0.1	0.9	15	-9	0.12	79.5	0.965	1	0	1	1	1	0	0	0
20200325	234400	1112	-2	-2	-2	-2	9	-2.00	1.00	14274000000.00	1055320000000000.00		0	0	11	12	0	37.19	102.86	0.8	0.5	5	0.1	2.5	2.5	0.9	0.99	0.5	0.1	0.9	15	-9	0.12	79.5	0.965	1	0	1	1	1	0	0	0
20200325	234500	1112	-2	-2	-2	-2	9	-2.00	1.00	16487900000.00	1095520000000000.00		0	0	11	12	0	37.19	102.86	0.8	0.5	5	0.1	2.5	2.5	0.9	0.99	0.5	0.1	0.9	15	-9	0.12	79.5	0.965	1	0	1	1	1	0	0	0
20200325	234600	1112	-2	-2	-2	-2	9	-2.00	1.00	11279100000.00	1063170000000000.00		0	0	11	12	0	37.19	102.86	0.8	0.5	5	0.1	2.5	2.5	0.9	0.99	0.5	0.1	0.9	15	-9	0.12	79.5	0.965	1	0	1	1	1	0	0	0
20200325	234700	1112	-2	-2	-2	-2	9	-2.00	1.00	11483600000.00	1054310000000000.00		0	0	11	12	0	37.19	102.86	0.8	0.5	5	0.1	2.5	2.5	0.9	0.99	0.5	0.1	0.9	15	-9	0.12	79.5	0.965	1	0	1	1	1	0	0	0
20200325	234800	1112	-2	-2	-2	-2	9	-2.00	1.00	11214300000.00	1136800000000000.00		0	0	11	12	0	37.19	102.86	0.8	0.5	5	0.1	2.5	2.5	0.9	0.99	0.5	0.1	0.9	15	-9	0.12	79.5	0.965	1	0	1	1	1	0	0	0
20200325	234900	1112	-2	-2	-2	-2	9	-2.00	1.00	11665700000.00	847324000000000.00		0	0	11	12	0	37.19	102.86	0.8	0.5	5	0.1	2.5	2.5	0.9	0.99	0.5	0.1	0.9	15	-9	0.12	79.5	0.965	1	0	1	1	1	0	0	0
20200325	235000	1112	-2	-2	-2	-2	9	-2.00	1.00	25279400000.00	865644000000000.00		0	0	11	12	0	37.19	102.86	0.8	0.5	5	0.1	2.5	2.5	0.9	0.99	0.5	0.1	0.9	15	-9	0.12	79.5	0.965	1	0	1	1	1	0	0	0
20200325	235100	1112	-2	-2	-2	-2	9	-2.00	1.00	14323500000.00	869276000000000.00		0	0	11	12	0	37.19	102.86	0.8	0.5	5	0.1	2.5	2.5	0.9	0.99	0.5	0.1	0.9	15	-9	0.12	79.5	0.965	1	0	1	1	1	0	0	0
20200325	235200	1112	-2	-2	-2	-2	9	-2.00	1.00	10730500000.00	823720000000000.00		0	0	11	12	0	37.19	102.86	0.8	0.5	5	0.1	2.5	2.5	0.9	0.99	0.5	0.1	0.9	15	-9	0.12	79.5	0.965	1	0	1	1	1	0	0	0
20200325	235300	1112	-2	-2	-2	-2	9	-2.00	1.00	8252230000.00	875586000000000.00		0	0	11	12	0	37.19	102.86	0.8	0.5	5	0.1	2.5	2.5	0.9	0.99	0.5	0.1	0.9	15	-9	0.12	79.5	0.965	1	0	1	1	1	0	0	0
20200325	235400	1112	-2	-2	-2	-2	9	-2.00	1.00	22052700000.00	919642000000000.00		0	0	11	12	0	37.19	102.86	0.8	0.5	5	0.1	2.5	2.5	0.9	0.99	0.5	0.1	0.9	15	-9	0.12	79.5	0.965	1	0	1	1	1	0	0	0
20200325	235500	1112	-2	-2	-2	-2	9	-2.00	1.00	2206270000.00	871774000000000.00		0	0	11	12	0	37.19	102.86	0.8	0.5	5	0.1	2.5	2.5	0.9	0.99	0.5	0.1	0.9	15	-9	0.12	79.5	0.965	1	0	1	1	1	0	0	0
20200325	235600	1112	-2	-2	-2	-2	9	-2.00	1.00	12000200000.00	762231000000000.00		0	0	11	12	0	37.19	102.86	0.8	0.5	5	0.1	2.5	2.5	0.9	0.99	0.5	0.1	0.9	15	-9	0.12	79.5	0.965	1	0	1	1	1	0	0	0
20200325	235700	1112	-2	-2	-2	-2	9	-2.00	1.00	5313500000.00	832886000000000.00		0	0	11	12	0	37.19	102.86	0.8	0.5	5	0.1	2.5	2.5	0.9	0.99	0.5	0.1	0.9	15	-9	0.12	79.5	0.965	1	0	1	1	1	0	0	0
20200325	235800	1112	-2	-2	-2	-2	9	-2.00	1.00	3611840000.00	832908000000000.00		0	0	11	12	0	37.19	102.86	0.8	0.5	5	0.1	2.5	2.5	0.9	0.99	0.5	0.1	0.9	15	-9	0.12	79.5	0.965	1	0	1	1	1	0	0	0
20200325	235900	1112	-2	-2	-2	-2	9	-2.00	1.00	11409300000.00	966995000000000.00		0	0	11	12	0	37.19	102.86	0.8	0.5	5	0.1	2.5	2.5	0.9	0.99	0.5	0.1	0.9	15	-9	0.12	79.5	0.965	1	0	1	1	1	0	0	0
