%[yyyymmdd]	[HHMMSS]	 Relative Cloudiness
%date	time	Ext	BRBG	CDOC	thick	thin	sun	hcf	BRmin	BRmid	Brmax	center_x	center_y	ext_ne	ext_ue	imagesize	latitude	longitude	level_brightpix	level_circle_ratio	level_bright_ratio	level_clear_sky	level_ne	level_ue	level_object_ratio	level_sunpix	level_thick_clouds	level_thin_clouds	level_mask_csi	o_min_size	offset_Angle	rad_sunmask	zenith_angle	rad_zero	use_horizon	use_sunmask	use_sunpix	use_brg	use_cdoc	write_sunpix	merge_sunmask	use_underexposed
20210311	000100	1112	-2	-2	-2	-2	9	-2.00	1.00	172326000000.00	1899070000000000.00		0	0	11	12	0	37.19	102.86	0.8	0.5	5	0.1	2.5	2.5	0.9	0.99	0.5	0.1	0.9	15	-9	0.12	79.5	0.965	1	0	1	1	1	0	0	0
20210311	000200	1112	-2	-2	-2	-2	9	-2.00	1.00	179440000000.00	1840760000000000.00		0	0	11	12	0	37.19	102.86	0.8	0.5	5	0.1	2.5	2.5	0.9	0.99	0.5	0.1	0.9	15	-9	0.12	79.5	0.965	1	0	1	1	1	0	0	0
20210311	000300	1112	-2	-2	-2	-2	9	-2.00	1.00	180358000000.00	1855510000000000.00		0	0	11	12	0	37.19	102.86	0.8	0.5	5	0.1	2.5	2.5	0.9	0.99	0.5	0.1	0.9	15	-9	0.12	79.5	0.965	1	0	1	1	1	0	0	0
20210311	000400	1112	-2	-2	-2	-2	9	-2.00	1.00	172538000000.00	1801750000000000.00		0	0	11	12	0	37.19	102.86	0.8	0.5	5	0.1	2.5	2.5	0.9	0.99	0.5	0.1	0.9	15	-9	0.12	79.5	0.965	1	0	1	1	1	0	0	0
20210311	000500	1112	-2	-2	-2	-2	9	-2.00	1.00	173893000000.00	1815010000000000.00		0	0	11	12	0	37.19	102.86	0.8	0.5	5	0.1	2.5	2.5	0.9	0.99	0.5	0.1	0.9	15	-9	0.12	79.5	0.965	1	0	1	1	1	0	0	0
20210311	000600	1112	-2	-2	-2	-2	9	-2.00	1.00	84585700000.00	1937980000000000.00		0	0	11	12	0	37.19	102.86	0.8	0.5	5	0.1	2.5	2.5	0.9	0.99	0.5	0.1	0.9	15	-9	0.12	79.5	0.965	1	0	1	1	1	0	0	0
20210311	000700	1112	-2	-2	-2	-2	9	-2.00	1.00	17705400000.00	1111140000000000.00		0	0	11	12	0	37.19	102.86	0.8	0.5	5	0.1	2.5	2.5	0.9	0.99	0.5	0.1	0.9	15	-9	0.12	79.5	0.965	1	0	1	1	1	0	0	0
20210311	000800	1112	-2	-2	-2	-2	9	-2.00	1.00	12848300000.00	1124230000000000.00		0	0	11	12	0	37.19	102.86	0.8	0.5	5	0.1	2.5	2.5	0.9	0.99	0.5	0.1	0.9	15	-9	0.12	79.5	0.965	1	0	1	1	1	0	0	0
20210311	000900	1112	-2	-2	-2	-2	9	-2.00	1.00	9617730000.00	1102890000000000.00		0	0	11	12	0	37.19	102.86	0.8	0.5	5	0.1	2.5	2.5	0.9	0.99	0.5	0.1	0.9	15	-9	0.12	79.5	0.965	1	0	1	1	1	0	0	0
20210311	001000	1112	-2	-2	-2	-2	9	-2.00	1.00	9453130000.00	1114050000000000.00		0	0	11	12	0	37.19	102.86	0.8	0.5	5	0.1	2.5	2.5	0.9	0.99	0.5	0.1	0.9	15	-9	0.12	79.5	0.965	1	0	1	1	1	0	0	0
20210311	001100	1112	-2	-2	-2	-2	9	-2.00	1.00	7976290000.00	1110750000000000.00		0	0	11	12	0	37.19	102.86	0.8	0.5	5	0.1	2.5	2.5	0.9	0.99	0.5	0.1	0.9	15	-9	0.12	79.5	0.965	1	0	1	1	1	0	0	0
20210311	001200	1112	-2	-2	-2	-2	9	-2.00	1.00	3683930000.00	1197820000000000.00		0	0	11	12	0	37.19	102.86	0.8	0.5	5	0.1	2.5	2.5	0.9	0.99	0.5	0.1	0.9	15	-9	0.12	79.5	0.965	1	0	1	1	1	0	0	0
20210311	001300	1112	-2	-2	-2	-2	9	-2.00	1.00	7841010000.00	1070170000000000.00		0	0	11	12	0	37.19	102.86	0.8	0.5	5	0.1	2.5	2.5	0.9	0.99	0.5	0.1	0.9	15	-9	0.12	79.5	0.965	1	0	1	1	1	0	0	0
20210311	001400	1112	-2	-2	-2	-2	9	-2.00	1.00	8920530000.00	1042310000000000.00		0	0	11	12	0	37.19	102.86	0.8	0.5	5	0.1	2.5	2.5	0.9	0.99	0.5	0.1	0.9	15	-9	0.12	79.5	0.965	1	0	1	1	1	0	0	0
20210311	001500	1112	-2	-2	-2	-2	9	-2.00	1.00	11571800000.00	1086250000000000.00		0	0	11	12	0	37.19	102.86	0.8	0.5	5	0.1	2.5	2.5	0.9	0.99	0.5	0.1	0.9	15	-9	0.12	79.5	0.965	1	0	1	1	1	0	0	0
20210311	001600	1112	-2	-2	-2	-2	9	-2.00	1.00	13614400000.00	1123370000000000.00		0	0	11	12	0	37.19	102.86	0.8	0.5	5	0.1	2.5	2.5	0.9	0.99	0.5	0.1	0.9	15	-9	0.12	79.5	0.965	1	0	1	1	1	0	0	0
20210311	001700	1112	-2	-2	-2	-2	9	-2.00	1.00	9552530000.00	1139250000000000.00		0	0	11	12	0	37.19	102.86	0.8	0.5	5	0.1	2.5	2.5	0.9	0.99	0.5	0.1	0.9	15	-9	0.12	79.5	0.965	1	0	1	1	1	0	0	0
20210311	001800	1112	-2	-2	-2	-2	9	-2.00	1.00	2163050000.00	1142050000000000.00		0	0	11	12	0	37.19	102.86	0.8	0.5	5	0.1	2.5	2.5	0.9	0.99	0.5	0.1	0.9	15	-9	0.12	79.5	0.965	1	0	1	1	1	0	0	0
20210311	001900	1112	0.03	0.08	0.00	0.08	8	1.03	0.99	10159200000.00	1158890000000000.00		0	0	11	12	0	37.19	102.86	0.8	0.5	5	0.1	2.5	2.5	0.9	0.99	0.5	0.1	0.9	15	-9	0.12	79.5	0.965	1	0	1	1	1	0	0	0
20210311	002000	1112	-2	-2	-2	-2	9	-2.00	1.00	871144000.00	995981000000000.00		0	0	11	12	0	37.19	102.86	0.8	0.5	5	0.1	2.5	2.5	0.9	0.99	0.5	0.1	0.9	15	-9	0.12	79.5	0.965	1	0	1	1	1	0	0	0
20210311	002100	1112	0.03	0.09	0.00	0.09	8	1.02	0.98	5946640000.00	1201000000000000.00		0	0	11	12	0	37.19	102.86	0.8	0.5	5	0.1	2.5	2.5	0.9	0.99	0.5	0.1	0.9	15	-9	0.12	79.5	0.965	1	0	1	1	1	0	0	0
20210311	002200	1112	-2	-2	-2	-2	9	-2.00	1.00	6076700000.00	1132420000000000.00		0	0	11	12	0	37.19	102.86	0.8	0.5	5	0.1	2.5	2.5	0.9	0.99	0.5	0.1	0.9	15	-9	0.12	79.5	0.965	1	0	1	1	1	0	0	0
20210311	002300	1112	-2	-2	-2	-2	9	-2.00	1.00	9228570000.00	1311170000000000.00		0	0	11	12	0	37.19	102.86	0.8	0.5	5	0.1	2.5	2.5	0.9	0.99	0.5	0.1	0.9	15	-9	0.12	79.5	0.965	1	0	1	1	1	0	0	0
20210311	002400	1112	-2	-2	-2	-2	9	-2.00	1.00	6165090000.00	1074940000000000.00		0	0	11	12	0	37.19	102.86	0.8	0.5	5	0.1	2.5	2.5	0.9	0.99	0.5	0.1	0.9	15	-9	0.12	79.5	0.965	1	0	1	1	1	0	0	0
20210311	002500	1112	-2	-2	-2	-2	9	-2.00	1.00	335110000.00	1149400000000000.00		0	0	11	12	0	37.19	102.86	0.8	0.5	5	0.1	2.5	2.5	0.9	0.99	0.5	0.1	0.9	15	-9	0.12	79.5	0.965	1	0	1	1	1	0	0	0
20210311	002600	1112	-2	-2	-2	-2	9	-2.00	1.00	979585000.00	1119960000000000.00		0	0	11	12	0	37.19	102.86	0.8	0.5	5	0.1	2.5	2.5	0.9	0.99	0.5	0.1	0.9	15	-9	0.12	79.5	0.965	1	0	1	1	1	0	0	0
20210311	002700	1112	-2	-2	-2	-2	9	-2.00	1.00	5959030000.00	1121700000000000.00		0	0	11	12	0	37.19	102.86	0.8	0.5	5	0.1	2.5	2.5	0.9	0.99	0.5	0.1	0.9	15	-9	0.12	79.5	0.965	1	0	1	1	1	0	0	0
20210311	002800	1112	-2	-2	-2	-2	9	-2.00	1.00	2638630000.00	1168310000000000.00		0	0	11	12	0	37.19	102.86	0.8	0.5	5	0.1	2.5	2.5	0.9	0.99	0.5	0.1	0.9	15	-9	0.12	79.5	0.965	1	0	1	1	1	0	0	0
20210311	002900	1112	-2	-2	-2	-2	9	-2.00	1.00	1516790000.00	1074640000000000.00		0	0	11	12	0	37.19	102.86	0.8	0.5	5	0.1	2.5	2.5	0.9	0.99	0.5	0.1	0.9	15	-9	0.12	79.5	0.965	1	0	1	1	1	0	0	0
20210311	003000	1112	-2	-2	-2	-2	9	-2.00	1.00	4267600000.00	1086930000000000.00		0	0	11	12	0	37.19	102.86	0.8	0.5	5	0.1	2.5	2.5	0.9	0.99	0.5	0.1	0.9	15	-9	0.12	79.5	0.965	1	0	1	1	1	0	0	0
20210311	003100	1112	0.03	0.08	0.00	0.08	0	1.01	0.97	4119600000.00	1124440000000000.00		0	0	11	12	0	37.19	102.86	0.8	0.5	5	0.1	2.5	2.5	0.9	0.99	0.5	0.1	0.9	15	-9	0.12	79.5	0.965	1	0	1	1	1	0	0	0
20210311	003200	1112	0.03	0.08	0.00	0.08	0	1.01	0.99	4133530000.00	1257280000000000.00		0	0	11	12	0	37.19	102.86	0.8	0.5	5	0.1	2.5	2.5	0.9	0.99	0.5	0.1	0.9	15	-9	0.12	79.5	0.965	1	0	1	1	1	0	0	0
20210311	003300	1112	0.03	0.07	0.00	0.07	3	1.01	0.97	5355330000.00	1230440000000000.00		0	0	11	12	0	37.19	102.86	0.8	0.5	5	0.1	2.5	2.5	0.9	0.99	0.5	0.1	0.9	15	-9	0.12	79.5	0.965	1	0	1	1	1	0	0	0
20210311	003400	1112	0.03	0.07	0.00	0.07	0	1.01	0.96	7878130000.00	1280450000000000.00		0	0	11	12	0	37.19	102.86	0.8	0.5	5	0.1	2.5	2.5	0.9	0.99	0.5	0.1	0.9	15	-9	0.12	79.5	0.965	1	0	1	1	1	0	0	0
20210311	003500	1112	0.03	0.07	0.00	0.07	0	1.01	0.96	6179060000.00	1243230000000000.00		0	0	11	12	0	37.19	102.86	0.8	0.5	5	0.1	2.5	2.5	0.9	0.99	0.5	0.1	0.9	15	-9	0.12	79.5	0.965	1	0	1	1	1	0	0	0
20210311	003600	1112	0.03	0.08	0.00	0.08	0	1.01	0.97	4162060000.00	1241310000000000.00		0	0	11	12	0	37.19	102.86	0.8	0.5	5	0.1	2.5	2.5	0.9	0.99	0.5	0.1	0.9	15	-9	0.12	79.5	0.965	1	0	1	1	1	0	0	0
20210311	003700	1112	0.03	0.08	0.00	0.08	0	1.01	0.99	3818900000.00	1301890000000000.00		0	0	11	12	0	37.19	102.86	0.8	0.5	5	0.1	2.5	2.5	0.9	0.99	0.5	0.1	0.9	15	-9	0.12	79.5	0.965	1	0	1	1	1	0	0	0
20210311	003800	1112	-2	-2	-2	-2	9	-2.00	1.00	6291860000.00	1201030000000000.00		0	0	11	12	0	37.19	102.86	0.8	0.5	5	0.1	2.5	2.5	0.9	0.99	0.5	0.1	0.9	15	-9	0.12	79.5	0.965	1	0	1	1	1	0	0	0
20210311	003900	1112	0.03	0.08	0.00	0.08	3	1.01	0.99	8198510000.00	1332060000000000.00		0	0	11	12	0	37.19	102.86	0.8	0.5	5	0.1	2.5	2.5	0.9	0.99	0.5	0.1	0.9	15	-9	0.12	79.5	0.965	1	0	1	1	1	0	0	0
20210311	004000	1112	0.03	0.08	0.00	0.08	0	1.00	0.96	332914000.00	1141860000000000.00		0	0	11	12	0	37.19	102.86	0.8	0.5	5	0.1	2.5	2.5	0.9	0.99	0.5	0.1	0.9	15	-9	0.12	79.5	0.965	1	0	1	1	1	0	0	0
20210311	004100	1112	0.03	0.08	0.00	0.08	0	1.00	0.99	2.06	612.04		0	0	11	12	0	37.19	102.86	0.8	0.5	5	0.1	2.5	2.5	0.9	0.99	0.5	0.1	0.9	15	-9	0.12	79.5	0.965	1	0	1	1	1	0	0	0
20210311	004200	1112	0.03	0.08	0.00	0.08	0	1.00	0.95	10181700000.00	1462580000000000.00		0	0	11	12	0	37.19	102.86	0.8	0.5	5	0.1	2.5	2.5	0.9	0.99	0.5	0.1	0.9	15	-9	0.12	79.5	0.965	1	0	1	1	1	0	0	0
20210311	004300	1112	0.03	0.08	0.00	0.08	0	1.00	0.97	2304980000.00	1182350000000000.00		0	0	11	12	0	37.19	102.86	0.8	0.5	5	0.1	2.5	2.5	0.9	0.99	0.5	0.1	0.9	15	-9	0.12	79.5	0.965	1	0	1	1	1	0	0	0
20210311	004400	1112	0.03	0.08	0.00	0.08	0	1.00	0.95	697139000.00	1195560000000000.00		0	0	11	12	0	37.19	102.86	0.8	0.5	5	0.1	2.5	2.5	0.9	0.99	0.5	0.1	0.9	15	-9	0.12	79.5	0.965	1	0	1	1	1	0	0	0
20210311	004500	1112	0.03	0.09	0.00	0.09	0	1.00	0.93	1483170000.00	1513230000000000.00		0	0	11	12	0	37.19	102.86	0.8	0.5	5	0.1	2.5	2.5	0.9	0.99	0.5	0.1	0.9	15	-9	0.12	79.5	0.965	1	0	1	1	1	0	0	0
20210311	004600	1112	0.03	0.09	0.00	0.09	0	1.00	0.96	710374000.00	1218260000000000.00		0	0	11	12	0	37.19	102.86	0.8	0.5	5	0.1	2.5	2.5	0.9	0.99	0.5	0.1	0.9	15	-9	0.12	79.5	0.965	1	0	1	1	1	0	0	0
20210311	004700	1112	0.03	0.08	0.00	0.08	3	1.00	0.90	5518010000.00	1465080000000000.00		0	0	11	12	0	37.19	102.86	0.8	0.5	5	0.1	2.5	2.5	0.9	0.99	0.5	0.1	0.9	15	-9	0.12	79.5	0.965	1	0	1	1	1	0	0	0
20210311	004800	1112	0.03	0.09	0.00	0.09	3	1.00	0.93	1127090000.00	1288610000000000.00		0	0	11	12	0	37.19	102.86	0.8	0.5	5	0.1	2.5	2.5	0.9	0.99	0.5	0.1	0.9	15	-9	0.12	79.5	0.965	1	0	1	1	1	0	0	0
20210311	004900	1112	0.03	0.09	0.00	0.09	5	1.00	0.96	2112800000.00	1273620000000000.00		0	0	11	12	0	37.19	102.86	0.8	0.5	5	0.1	2.5	2.5	0.9	0.99	0.5	0.1	0.9	15	-9	0.12	79.5	0.965	1	0	1	1	1	0	0	0
20210311	005000	1112	0.03	0.08	0.00	0.08	5	1.00	0.99	3968190000.00	1249260000000000.00		0	0	11	12	0	37.19	102.86	0.8	0.5	5	0.1	2.5	2.5	0.9	0.99	0.5	0.1	0.9	15	-9	0.12	79.5	0.965	1	0	1	1	1	0	0	0
20210311	005100	1112	0.03	0.08	0.00	0.08	3	1.00	1.00	1031150000.00	1178910000000000.00		0	0	11	12	0	37.19	102.86	0.8	0.5	5	0.1	2.5	2.5	0.9	0.99	0.5	0.1	0.9	15	-9	0.12	79.5	0.965	1	0	1	1	1	0	0	0
20210311	005200	1112	0.03	0.09	0.00	0.09	5	1.00	0.98	1129640000.00	1291520000000000.00		0	0	11	12	0	37.19	102.86	0.8	0.5	5	0.1	2.5	2.5	0.9	0.99	0.5	0.1	0.9	15	-9	0.12	79.5	0.965	1	0	1	1	1	0	0	0
20210311	005300	1112	0.03	0.08	0.00	0.08	5	1.00	0.96	1169360000.00	1336930000000000.00		0	0	11	12	0	37.19	102.86	0.8	0.5	5	0.1	2.5	2.5	0.9	0.99	0.5	0.1	0.9	15	-9	0.12	79.5	0.965	1	0	1	1	1	0	0	0
20210311	005400	1112	0.03	0.09	0.00	0.09	3	1.00	0.98	1874890000.00	1310540000000000.00		0	0	11	12	0	37.19	102.86	0.8	0.5	5	0.1	2.5	2.5	0.9	0.99	0.5	0.1	0.9	15	-9	0.12	79.5	0.965	1	0	1	1	1	0	0	0
20210311	005500	1112	0.03	0.09	0.00	0.09	3	1.00	0.98	2.07	363.80		0	0	11	12	0	37.19	102.86	0.8	0.5	5	0.1	2.5	2.5	0.9	0.99	0.5	0.1	0.9	15	-9	0.12	79.5	0.965	1	0	1	1	1	0	0	0
20210311	005600	1112	0.03	0.09	0.00	0.09	3	1.00	0.99	1119020000.00	1279380000000000.00		0	0	11	12	0	37.19	102.86	0.8	0.5	5	0.1	2.5	2.5	0.9	0.99	0.5	0.1	0.9	15	-9	0.12	79.5	0.965	1	0	1	1	1	0	0	0
20210311	005700	1112	0.03	0.09	0.00	0.09	3	1.00	0.98	1189590000.00	1360060000000000.00		0	0	11	12	0	37.19	102.86	0.8	0.5	5	0.1	2.5	2.5	0.9	0.99	0.5	0.1	0.9	15	-9	0.12	79.5	0.965	1	0	1	1	1	0	0	0
20210311	005800	1112	0.03	0.08	0.00	0.08	3	1.01	0.99	1455530000.00	1259930000000000.00		0	0	11	12	0	37.19	102.86	0.8	0.5	5	0.1	2.5	2.5	0.9	0.99	0.5	0.1	0.9	15	-9	0.12	79.5	0.965	1	0	1	1	1	0	0	0
20210311	005900	1112	0.03	0.08	0.00	0.08	3	1.00	0.98	2.07	2599.06		0	0	11	12	0	37.19	102.86	0.8	0.5	5	0.1	2.5	2.5	0.9	0.99	0.5	0.1	0.9	15	-9	0.12	79.5	0.965	1	0	1	1	1	0	0	0
20210311	010000	1112	0.03	0.08	0.00	0.08	3	1.00	0.99	2.07	853.10		0	0	11	12	0	37.19	102.86	0.8	0.5	5	0.1	2.5	2.5	0.9	0.99	0.5	0.1	0.9	15	-9	0.12	79.5	0.965	1	0	1	1	1	0	0	0
20210311	010100	1112	0.03	0.08	0.00	0.08	5	1.00	0.99	2.07	603.32		0	0	11	12	0	37.19	102.86	0.8	0.5	5	0.1	2.5	2.5	0.9	0.99	0.5	0.1	0.9	15	-9	0.12	79.5	0.965	1	0	1	1	1	0	0	0
20210311	010200	1112	0.03	0.08	0.00	0.08	3	1.00	0.99	3686010000.00	1326880000000000.00		0	0	11	12	0	37.19	102.86	0.8	0.5	5	0.1	2.5	2.5	0.9	0.99	0.5	0.1	0.9	15	-9	0.12	79.5	0.965	1	0	1	1	1	0	0	0
20210311	010300	1112	0.03	0.08	0.00	0.08	3	1.00	0.98	2.07	421.69		0	0	11	12	0	37.19	102.86	0.8	0.5	5	0.1	2.5	2.5	0.9	0.99	0.5	0.1	0.9	15	-9	0.12	79.5	0.965	1	0	1	1	1	0	0	0
20210311	010400	1112	0.03	0.08	0.00	0.08	3	1.00	0.98	1357280000.00	1551780000000000.00		0	0	11	12	0	37.19	102.86	0.8	0.5	5	0.1	2.5	2.5	0.9	0.99	0.5	0.1	0.9	15	-9	0.12	79.5	0.965	1	0	1	1	1	0	0	0
20210311	010500	1112	0.03	0.08	0.00	0.08	5	1.00	0.98	2120350000.00	1485570000000000.00		0	0	11	12	0	37.19	102.86	0.8	0.5	5	0.1	2.5	2.5	0.9	0.99	0.5	0.1	0.9	15	-9	0.12	79.5	0.965	1	0	1	1	1	0	0	0
20210311	010600	1112	0.03	0.08	0.00	0.08	3	1.00	0.96	2.07	593.59		0	0	11	12	0	37.19	102.86	0.8	0.5	5	0.1	2.5	2.5	0.9	0.99	0.5	0.1	0.9	15	-9	0.12	79.5	0.965	1	0	1	1	1	0	0	0
20210311	010700	1112	0.03	0.08	0.00	0.08	3	1.00	0.99	1603710000.00	1375150000000000.00		0	0	11	12	0	37.19	102.86	0.8	0.5	5	0.1	2.5	2.5	0.9	0.99	0.5	0.1	0.9	15	-9	0.12	79.5	0.965	1	0	1	1	1	0	0	0
20210311	010800	1112	0.03	0.08	0.00	0.08	3	1.00	0.98	1221460000.00	1396500000000000.00		0	0	11	12	0	37.19	102.86	0.8	0.5	5	0.1	2.5	2.5	0.9	0.99	0.5	0.1	0.9	15	-9	0.12	79.5	0.965	1	0	1	1	1	0	0	0
20210311	010900	1112	0.03	0.08	0.00	0.08	3	1.00	0.96	1292620000.00	1531710000000000.00		0	0	11	12	0	37.19	102.86	0.8	0.5	5	0.1	2.5	2.5	0.9	0.99	0.5	0.1	0.9	15	-9	0.12	79.5	0.965	1	0	1	1	1	0	0	0
20210311	011000	1112	0.03	0.08	0.00	0.08	3	1.00	0.96	2.07	178.15		0	0	11	12	0	37.19	102.86	0.8	0.5	5	0.1	2.5	2.5	0.9	0.99	0.5	0.1	0.9	15	-9	0.12	79.5	0.965	1	0	1	1	1	0	0	0
20210311	011100	1112	0.03	0.08	0.00	0.08	3	1.00	0.98	2.08	647.28		0	0	11	12	0	37.19	102.86	0.8	0.5	5	0.1	2.5	2.5	0.9	0.99	0.5	0.1	0.9	15	-9	0.12	79.5	0.965	1	0	1	1	1	0	0	0
20210311	011200	1112	0.03	0.08	0.00	0.08	3	1.00	0.96	465091000.00	1595220000000000.00		0	0	11	12	0	37.19	102.86	0.8	0.5	5	0.1	2.5	2.5	0.9	0.99	0.5	0.1	0.9	15	-9	0.12	79.5	0.965	1	0	1	1	1	0	0	0
20210311	011300	1112	0.03	0.08	0.00	0.08	3	1.00	0.98	2590960000.00	1585220000000000.00		0	0	11	12	0	37.19	102.86	0.8	0.5	5	0.1	2.5	2.5	0.9	0.99	0.5	0.1	0.9	15	-9	0.12	79.5	0.965	1	0	1	1	1	0	0	0
20210311	011400	1112	0.03	0.08	0.00	0.08	3	1.00	0.98	1180400000.00	1349550000000000.00		0	0	11	12	0	37.19	102.86	0.8	0.5	5	0.1	2.5	2.5	0.9	0.99	0.5	0.1	0.9	15	-9	0.12	79.5	0.965	1	0	1	1	1	0	0	0
20210311	011500	1112	0.03	0.08	0.00	0.08	3	1.00	0.96	2.08	4050.11		0	0	11	12	0	37.19	102.86	0.8	0.5	5	0.1	2.5	2.5	0.9	0.99	0.5	0.1	0.9	15	-9	0.12	79.5	0.965	1	0	1	1	1	0	0	0
20210311	011600	1112	0.02	0.08	0.00	0.08	5	1.00	0.96	1208040000.00	1381160000000000.00		0	0	11	12	0	37.19	102.86	0.8	0.5	5	0.1	2.5	2.5	0.9	0.99	0.5	0.1	0.9	15	-9	0.12	79.5	0.965	1	0	1	1	1	0	0	0
20210311	011700	1112	0.02	0.08	0.00	0.08	3	1.00	0.96	2243950000.00	1549550000000000.00		0	0	11	12	0	37.19	102.86	0.8	0.5	5	0.1	2.5	2.5	0.9	0.99	0.5	0.1	0.9	15	-9	0.12	79.5	0.965	1	0	1	1	1	0	0	0
20210311	011800	1112	0.02	0.08	0.00	0.08	3	1.00	0.98	921717000.00	1580700000000000.00		0	0	11	12	0	37.19	102.86	0.8	0.5	5	0.1	2.5	2.5	0.9	0.99	0.5	0.1	0.9	15	-9	0.12	79.5	0.965	1	0	1	1	1	0	0	0
20210311	011900	1112	0.02	0.08	0.00	0.08	3	1.00	0.96	2.08	866.96		0	0	11	12	0	37.19	102.86	0.8	0.5	5	0.1	2.5	2.5	0.9	0.99	0.5	0.1	0.9	15	-9	0.12	79.5	0.965	1	0	1	1	1	0	0	0
20210311	012000	1112	0.01	0.09	0.00	0.09	1	1.00	0.97	1397320000.00	1597560000000000.00		0	0	11	12	0	37.19	102.86	0.8	0.5	5	0.1	2.5	2.5	0.9	0.99	0.5	0.1	0.9	15	-9	0.12	79.5	0.965	1	0	1	1	1	0	0	0
20210311	012100	1112	0.02	0.09	0.00	0.09	3	0.99	0.96	943869000.00	1618690000000000.00		0	0	11	12	0	37.19	102.86	0.8	0.5	5	0.1	2.5	2.5	0.9	0.99	0.5	0.1	0.9	15	-9	0.12	79.5	0.965	1	0	1	1	1	0	0	0
20210311	012200	1112	0.01	0.09	0.00	0.09	1	1.00	0.98	4044170000.00	1647480000000000.00		0	0	11	12	0	37.19	102.86	0.8	0.5	5	0.1	2.5	2.5	0.9	0.99	0.5	0.1	0.9	15	-9	0.12	79.5	0.965	1	0	1	1	1	0	0	0
20210311	012300	1112	0.01	0.09	0.00	0.09	1	1.00	0.98	2233900000.00	1551410000000000.00		0	0	11	12	0	37.19	102.86	0.8	0.5	5	0.1	2.5	2.5	0.9	0.99	0.5	0.1	0.9	15	-9	0.12	79.5	0.965	1	0	1	1	1	0	0	0
20210311	012400	1112	0.01	0.09	0.00	0.09	1	1.00	0.96	2.07	697.64		0	0	11	12	0	37.19	102.86	0.8	0.5	5	0.1	2.5	2.5	0.9	0.99	0.5	0.1	0.9	15	-9	0.12	79.5	0.965	1	0	1	1	1	0	0	0
20210311	012500	1112	0.01	0.09	0.00	0.09	1	1.00	0.97	2860640000.00	1659040000000000.00		0	0	11	12	0	37.19	102.86	0.8	0.5	5	0.1	2.5	2.5	0.9	0.99	0.5	0.1	0.9	15	-9	0.12	79.5	0.965	1	0	1	1	1	0	0	0
20210311	012600	1112	0.02	0.09	0.00	0.09	3	1.00	0.97	1736350000.00	1488880000000000.00		0	0	11	12	0	37.19	102.86	0.8	0.5	5	0.1	2.5	2.5	0.9	0.99	0.5	0.1	0.9	15	-9	0.12	79.5	0.965	1	0	1	1	1	0	0	0
20210311	012700	1112	0.02	0.08	0.00	0.08	3	1.01	0.98	2.07	214.29		0	0	11	12	0	37.19	102.86	0.8	0.5	5	0.1	2.5	2.5	0.9	0.99	0.5	0.1	0.9	15	-9	0.12	79.5	0.965	1	0	1	1	1	0	0	0
20210311	012800	1112	0.01	0.08	0.00	0.08	1	1.01	0.96	950700000.00	1630400000000000.00		0	0	11	12	0	37.19	102.86	0.8	0.5	5	0.1	2.5	2.5	0.9	0.99	0.5	0.1	0.9	15	-9	0.12	79.5	0.965	1	0	1	1	1	0	0	0
20210311	012900	1112	0.01	0.08	0.00	0.08	1	1.01	0.98	407871000.00	1398960000000000.00		0	0	11	12	0	37.19	102.86	0.8	0.5	5	0.1	2.5	2.5	0.9	0.99	0.5	0.1	0.9	15	-9	0.12	79.5	0.965	1	0	1	1	1	0	0	0
20210311	013000	1112	0.01	0.08	0.00	0.08	1	1.01	0.96	1465020000.00	1674960000000000.00		0	0	11	12	0	37.19	102.86	0.8	0.5	5	0.1	2.5	2.5	0.9	0.99	0.5	0.1	0.9	15	-9	0.12	79.5	0.965	1	0	1	1	1	0	0	0
20210311	013100	1112	0.01	0.08	0.00	0.08	1	1.01	0.95	1020540000.00	1750180000000000.00		0	0	11	12	0	37.19	102.86	0.8	0.5	5	0.1	2.5	2.5	0.9	0.99	0.5	0.1	0.9	15	-9	0.12	79.5	0.965	1	0	1	1	1	0	0	0
20210311	013200	1112	0.01	0.08	0.00	0.08	1	1.01	0.97	2192630000.00	1530680000000000.00		0	0	11	12	0	37.19	102.86	0.8	0.5	5	0.1	2.5	2.5	0.9	0.99	0.5	0.1	0.9	15	-9	0.12	79.5	0.965	1	0	1	1	1	0	0	0
20210311	013300	1112	0.01	0.08	0.00	0.08	1	1.01	0.98	2.06	180.01		0	0	11	12	0	37.19	102.86	0.8	0.5	5	0.1	2.5	2.5	0.9	0.99	0.5	0.1	0.9	15	-9	0.12	79.5	0.965	1	0	1	1	1	0	0	0
20210311	013400	1112	0.01	0.09	0.00	0.09	1	1.01	0.96	2.07	1486.92		0	0	11	12	0	37.19	102.86	0.8	0.5	5	0.1	2.5	2.5	0.9	0.99	0.5	0.1	0.9	15	-9	0.12	79.5	0.965	1	0	1	1	1	0	0	0
20210311	013500	1112	0.02	0.09	0.00	0.09	5	1.01	0.96	1419950000.00	1623440000000000.00		0	0	11	12	0	37.19	102.86	0.8	0.5	5	0.1	2.5	2.5	0.9	0.99	0.5	0.1	0.9	15	-9	0.12	79.5	0.965	1	0	1	1	1	0	0	0
20210311	013600	1112	0.00	0.09	0.00	0.09	1	1.01	0.98	2.07	1042.58		0	0	11	12	0	37.19	102.86	0.8	0.5	5	0.1	2.5	2.5	0.9	0.99	0.5	0.1	0.9	15	-9	0.12	79.5	0.965	1	0	1	1	1	0	0	0
20210311	013700	1112	0.00	0.08	0.00	0.08	1	1.01	0.98	1343270000.00	1600970000000000.00		0	0	11	12	0	37.19	102.86	0.8	0.5	5	0.1	2.5	2.5	0.9	0.99	0.5	0.1	0.9	15	-9	0.12	79.5	0.965	1	0	1	1	1	0	0	0
20210311	013800	1112	0.01	0.08	0.00	0.08	5	1.01	0.98	1311390000.00	1499310000000000.00		0	0	11	12	0	37.19	102.86	0.8	0.5	5	0.1	2.5	2.5	0.9	0.99	0.5	0.1	0.9	15	-9	0.12	79.5	0.965	1	0	1	1	1	0	0	0
20210311	013900	1112	0.00	0.08	0.00	0.08	1	1.02	0.96	1392460000.00	1592000000000000.00		0	0	11	12	0	37.19	102.86	0.8	0.5	5	0.1	2.5	2.5	0.9	0.99	0.5	0.1	0.9	15	-9	0.12	79.5	0.965	1	0	1	1	1	0	0	0
20210311	014000	1112	0.00	0.08	0.00	0.08	1	1.02	0.96	1442760000.00	1649510000000000.00		0	0	11	12	0	37.19	102.86	0.8	0.5	5	0.1	2.5	2.5	0.9	0.99	0.5	0.1	0.9	15	-9	0.12	79.5	0.965	1	0	1	1	1	0	0	0
20210311	014100	1112	0.00	0.08	0.00	0.08	1	1.02	0.96	5071920000.00	1777230000000000.00		0	0	11	12	0	37.19	102.86	0.8	0.5	5	0.1	2.5	2.5	0.9	0.99	0.5	0.1	0.9	15	-9	0.12	79.5	0.965	1	0	1	1	1	0	0	0
20210311	014200	1112	0.01	0.08	0.00	0.08	5	1.02	0.96	7477760000.00	1661750000000000.00		0	0	11	12	0	37.19	102.86	0.8	0.5	5	0.1	2.5	2.5	0.9	0.99	0.5	0.1	0.9	15	-9	0.12	79.5	0.965	1	0	1	1	1	0	0	0
20210311	014300	1112	0.00	0.09	0.00	0.09	1	1.02	0.96	2632200000.00	1534350000000000.00		0	0	11	12	0	37.19	102.86	0.8	0.5	5	0.1	2.5	2.5	0.9	0.99	0.5	0.1	0.9	15	-9	0.12	79.5	0.965	1	0	1	1	1	0	0	0
20210311	014400	1112	0.00	0.08	0.00	0.08	1	1.02	0.96	2.06	202.38		0	0	11	12	0	37.19	102.86	0.8	0.5	5	0.1	2.5	2.5	0.9	0.99	0.5	0.1	0.9	15	-9	0.12	79.5	0.965	1	0	1	1	1	0	0	0
20210311	014500	1112	0.00	0.09	0.00	0.09	1	1.02	0.96	1909280000.00	1652550000000000.00		0	0	11	12	0	37.19	102.86	0.8	0.5	5	0.1	2.5	2.5	0.9	0.99	0.5	0.1	0.9	15	-9	0.12	79.5	0.965	1	0	1	1	1	0	0	0
20210311	014700	1112	0.00	0.09	0.00	0.09	1	1.01	0.96	4384740000.00	1565220000000000.00		0	0	11	12	0	37.19	102.86	0.8	0.5	5	0.1	2.5	2.5	0.9	0.99	0.5	0.1	0.9	15	-9	0.12	79.5	0.965	1	0	1	1	1	0	0	0
20210311	014800	1112	0.00	0.08	0.00	0.08	1	1.01	0.95	1396530000.00	1689790000000000.00		0	0	11	12	0	37.19	102.86	0.8	0.5	5	0.1	2.5	2.5	0.9	0.99	0.5	0.1	0.9	15	-9	0.12	79.5	0.965	1	0	1	1	1	0	0	0
20210311	014600	1112	0.00	0.09	0.00	0.09	1	1.01	0.96	457367000.00	1568720000000000.00		0	0	11	12	0	37.19	102.86	0.8	0.5	5	0.1	2.5	2.5	0.9	0.99	0.5	0.1	0.9	15	-9	0.12	79.5	0.965	1	0	1	1	1	0	0	0
20210311	014900	1112	0.00	0.09	0.00	0.09	1	1.01	0.95	4245770000.00	1677840000000000.00		0	0	11	12	0	37.19	102.86	0.8	0.5	5	0.1	2.5	2.5	0.9	0.99	0.5	0.1	0.9	15	-9	0.12	79.5	0.965	1	0	1	1	1	0	0	0
20210311	015000	1112	0.00	0.08	0.00	0.08	1	1.01	0.96	1451360000.00	1659340000000000.00		0	0	11	12	0	37.19	102.86	0.8	0.5	5	0.1	2.5	2.5	0.9	0.99	0.5	0.1	0.9	15	-9	0.12	79.5	0.965	1	0	1	1	1	0	0	0
20210311	015100	1112	0.01	0.08	0.00	0.08	5	1.01	0.97	2364920000.00	1669570000000000.00		0	0	11	12	0	37.19	102.86	0.8	0.5	5	0.1	2.5	2.5	0.9	0.99	0.5	0.1	0.9	15	-9	0.12	79.5	0.965	1	0	1	1	1	0	0	0
20210311	015200	1112	0.00	0.08	0.00	0.08	1	1.01	0.98	3003170000.00	1733160000000000.00		0	0	11	12	0	37.19	102.86	0.8	0.5	5	0.1	2.5	2.5	0.9	0.99	0.5	0.1	0.9	15	-9	0.12	79.5	0.965	1	0	1	1	1	0	0	0
20210311	015300	1112	0.00	0.08	0.00	0.08	1	1.01	0.96	1377780000.00	1575210000000000.00		0	0	11	12	0	37.19	102.86	0.8	0.5	5	0.1	2.5	2.5	0.9	0.99	0.5	0.1	0.9	15	-9	0.12	79.5	0.965	1	0	1	1	1	0	0	0
20210311	015400	1112	0.00	0.08	0.00	0.08	1	1.01	0.96	4325910000.00	1759680000000000.00		0	0	11	12	0	37.19	102.86	0.8	0.5	5	0.1	2.5	2.5	0.9	0.99	0.5	0.1	0.9	15	-9	0.12	79.5	0.965	1	0	1	1	1	0	0	0
20210311	015500	1112	0.00	0.08	0.00	0.08	1	1.01	0.97	941612000.00	1614820000000000.00		0	0	11	12	0	37.19	102.86	0.8	0.5	5	0.1	2.5	2.5	0.9	0.99	0.5	0.1	0.9	15	-9	0.12	79.5	0.965	1	0	1	1	1	0	0	0
20210311	015600	1112	0.00	0.08	0.00	0.08	1	1.01	0.96	882235000.00	1512990000000000.00		0	0	11	12	0	37.19	102.86	0.8	0.5	5	0.1	2.5	2.5	0.9	0.99	0.5	0.1	0.9	15	-9	0.12	79.5	0.965	1	0	1	1	1	0	0	0
20210311	015700	1112	0.00	0.06	0.00	0.06	1	1.03	0.96	996409000.00	1708790000000000.00		0	0	11	12	0	37.19	102.86	0.8	0.5	5	0.1	2.5	2.5	0.9	0.99	0.5	0.1	0.9	15	-9	0.12	79.5	0.965	1	0	1	1	1	0	0	0
20210311	015800	1112	0.00	0.06	0.00	0.06	1	1.03	0.98	2.07	1577.81		0	0	11	12	0	37.19	102.86	0.8	0.5	5	0.1	2.5	2.5	0.9	0.99	0.5	0.1	0.9	15	-9	0.12	79.5	0.965	1	0	1	1	1	0	0	0
20210311	015900	1112	0.00	0.06	0.00	0.06	1	1.03	0.97	961909000.00	1649630000000000.00		0	0	11	12	0	37.19	102.86	0.8	0.5	5	0.1	2.5	2.5	0.9	0.99	0.5	0.1	0.9	15	-9	0.12	79.5	0.965	1	0	1	1	1	0	0	0
20210311	020000	1112	0.00	0.06	0.00	0.06	1	1.03	0.98	2928250000.00	1729250000000000.00		0	0	11	12	0	37.19	102.86	0.8	0.5	5	0.1	2.5	2.5	0.9	0.99	0.5	0.1	0.9	15	-9	0.12	79.5	0.965	1	0	1	1	1	0	0	0
20210311	020100	1112	0.00	0.06	0.00	0.06	1	1.03	0.96	1527900000.00	1746840000000000.00		0	0	11	12	0	37.19	102.86	0.8	0.5	5	0.1	2.5	2.5	0.9	0.99	0.5	0.1	0.9	15	-9	0.12	79.5	0.965	1	0	1	1	1	0	0	0
20210311	020200	1112	0.00	0.06	0.00	0.06	1	1.03	0.96	2.07	1176.13		0	0	11	12	0	37.19	102.86	0.8	0.5	5	0.1	2.5	2.5	0.9	0.99	0.5	0.1	0.9	15	-9	0.12	79.5	0.965	1	0	1	1	1	0	0	0
20210311	020300	1112	0.00	0.06	0.00	0.06	1	1.03	0.96	2.07	1030.09		0	0	11	12	0	37.19	102.86	0.8	0.5	5	0.1	2.5	2.5	0.9	0.99	0.5	0.1	0.9	15	-9	0.12	79.5	0.965	1	0	1	1	1	0	0	0
20210311	020400	1112	0.00	0.06	0.00	0.06	1	1.03	0.95	1439450000.00	1645730000000000.00		0	0	11	12	0	37.19	102.86	0.8	0.5	5	0.1	2.5	2.5	0.9	0.99	0.5	0.1	0.9	15	-9	0.12	79.5	0.965	1	0	1	1	1	0	0	0
20210311	020500	1112	0.00	0.07	0.00	0.07	1	1.03	0.96	1056980000.00	1812680000000000.00		0	0	11	12	0	37.19	102.86	0.8	0.5	5	0.1	2.5	2.5	0.9	0.99	0.5	0.1	0.9	15	-9	0.12	79.5	0.965	1	0	1	1	1	0	0	0
20210311	020600	1112	0.00	0.07	0.00	0.07	1	1.03	0.96	1495350000.00	1709640000000000.00		0	0	11	12	0	37.19	102.86	0.8	0.5	5	0.1	2.5	2.5	0.9	0.99	0.5	0.1	0.9	15	-9	0.12	79.5	0.965	1	0	1	1	1	0	0	0
20210311	020700	1112	0.01	0.07	0.00	0.07	5	1.03	0.96	2.06	286.44		0	0	11	12	0	37.19	102.86	0.8	0.5	5	0.1	2.5	2.5	0.9	0.99	0.5	0.1	0.9	15	-9	0.12	79.5	0.965	1	0	1	1	1	0	0	0
20210311	020800	1112	0.00	0.07	0.00	0.07	1	1.03	0.96	2.06	219.59		0	0	11	12	0	37.19	102.86	0.8	0.5	5	0.1	2.5	2.5	0.9	0.99	0.5	0.1	0.9	15	-9	0.12	79.5	0.965	1	0	1	1	1	0	0	0
20210311	020900	1112	0.00	0.07	0.00	0.07	1	1.03	0.96	2.06	432.05		0	0	11	12	0	37.19	102.86	0.8	0.5	5	0.1	2.5	2.5	0.9	0.99	0.5	0.1	0.9	15	-9	0.12	79.5	0.965	1	0	1	1	1	0	0	0
20210311	021000	1112	0.00	0.07	0.00	0.07	1	1.03	0.97	3055110000.00	1763370000000000.00		0	0	11	12	0	37.19	102.86	0.8	0.5	5	0.1	2.5	2.5	0.9	0.99	0.5	0.1	0.9	15	-9	0.12	79.5	0.965	1	0	1	1	1	0	0	0
20210311	021100	1112	0.01	0.07	0.00	0.07	3	1.03	0.98	2.06	290.36		0	0	11	12	0	37.19	102.86	0.8	0.5	5	0.1	2.5	2.5	0.9	0.99	0.5	0.1	0.9	15	-9	0.12	79.5	0.965	1	0	1	1	1	0	0	0
20210311	021200	1112	0.01	0.07	0.00	0.07	3	1.03	0.96	1388900000.00	1587930000000000.00		0	0	11	12	0	37.19	102.86	0.8	0.5	5	0.1	2.5	2.5	0.9	0.99	0.5	0.1	0.9	15	-9	0.12	79.5	0.965	1	0	1	1	1	0	0	0
20210311	021300	1112	0.00	0.07	0.00	0.07	1	1.03	0.98	2747350000.00	1601920000000000.00		0	0	11	12	0	37.19	102.86	0.8	0.5	5	0.1	2.5	2.5	0.9	0.99	0.5	0.1	0.9	15	-9	0.12	79.5	0.965	1	0	1	1	1	0	0	0
20210311	021400	1112	0.01	0.07	0.00	0.07	3	1.03	0.98	2035400000.00	1754300000000000.00		0	0	11	12	0	37.19	102.86	0.8	0.5	5	0.1	2.5	2.5	0.9	0.99	0.5	0.1	0.9	15	-9	0.12	79.5	0.965	1	0	1	1	1	0	0	0
20210311	021500	1112	0.01	0.07	0.00	0.07	3	1.03	0.98	2.06	1375.63		0	0	11	12	0	37.19	102.86	0.8	0.5	5	0.1	2.5	2.5	0.9	0.99	0.5	0.1	0.9	15	-9	0.12	79.5	0.965	1	0	1	1	1	0	0	0
20210311	021600	1112	0.01	0.07	0.00	0.07	3	1.03	0.96	1417080000.00	1620150000000000.00		0	0	11	12	0	37.19	102.86	0.8	0.5	5	0.1	2.5	2.5	0.9	0.99	0.5	0.1	0.9	15	-9	0.12	79.5	0.965	1	0	1	1	1	0	0	0
20210311	021700	1112	0.00	0.07	0.00	0.07	3	1.03	0.96	2.05	1185.39		0	0	11	12	0	37.19	102.86	0.8	0.5	5	0.1	2.5	2.5	0.9	0.99	0.5	0.1	0.9	15	-9	0.12	79.5	0.965	1	0	1	1	1	0	0	0
20210311	021800	1112	0.00	0.07	0.00	0.07	3	1.03	0.98	4461230000.00	1562420000000000.00		0	0	11	12	0	37.19	102.86	0.8	0.5	5	0.1	2.5	2.5	0.9	0.99	0.5	0.1	0.9	15	-9	0.12	79.5	0.965	1	0	1	1	1	0	0	0
20210311	021900	1112	0.00	0.07	0.00	0.07	3	1.03	0.97	1814930000.00	1575680000000000.00		0	0	11	12	0	37.19	102.86	0.8	0.5	5	0.1	2.5	2.5	0.9	0.99	0.5	0.1	0.9	15	-9	0.12	79.5	0.965	1	0	1	1	1	0	0	0
20210311	022000	1112	0.00	0.07	0.00	0.07	3	1.03	0.98	2780230000.00	1677900000000000.00		0	0	11	12	0	37.19	102.86	0.8	0.5	5	0.1	2.5	2.5	0.9	0.99	0.5	0.1	0.9	15	-9	0.12	79.5	0.965	1	0	1	1	1	0	0	0
20210311	022100	1112	0.00	0.08	0.00	0.08	3	1.03	0.98	2915210000.00	1779750000000000.00		0	0	11	12	0	37.19	102.86	0.8	0.5	5	0.1	2.5	2.5	0.9	0.99	0.5	0.1	0.9	15	-9	0.12	79.5	0.965	1	0	1	1	1	0	0	0
20210311	022200	1112	0.00	0.08	0.00	0.08	3	1.04	0.96	2784770000.00	1592750000000000.00		0	0	11	12	0	37.19	102.86	0.8	0.5	5	0.1	2.5	2.5	0.9	0.99	0.5	0.1	0.9	15	-9	0.12	79.5	0.965	1	0	1	1	1	0	0	0
20210311	022300	1112	0.00	0.08	0.00	0.08	3	1.04	0.96	1397440000.00	1597700000000000.00		0	0	11	12	0	37.19	102.86	0.8	0.5	5	0.1	2.5	2.5	0.9	0.99	0.5	0.1	0.9	15	-9	0.12	79.5	0.965	1	0	1	1	1	0	0	0
20210311	022400	1112	0.00	0.08	0.00	0.08	3	1.04	0.96	1401600000.00	1602450000000000.00		0	0	11	12	0	37.19	102.86	0.8	0.5	5	0.1	2.5	2.5	0.9	0.99	0.5	0.1	0.9	15	-9	0.12	79.5	0.965	1	0	1	1	1	0	0	0
20210311	022500	1112	0.00	0.08	0.00	0.08	3	1.04	0.96	3449800000.00	1723720000000000.00		0	0	11	12	0	37.19	102.86	0.8	0.5	5	0.1	2.5	2.5	0.9	0.99	0.5	0.1	0.9	15	-9	0.12	79.5	0.965	1	0	1	1	1	0	0	0
20210311	022600	1112	0.00	0.08	0.00	0.08	3	1.04	0.97	2267590000.00	1570810000000000.00		0	0	11	12	0	37.19	102.86	0.8	0.5	5	0.1	2.5	2.5	0.9	0.99	0.5	0.1	0.9	15	-9	0.12	79.5	0.965	1	0	1	1	1	0	0	0
20210311	022700	1112	0.00	0.04	0.00	0.04	3	1.04	0.96	2.04	1171.66		0	0	11	12	0	37.19	102.86	0.8	0.5	5	0.1	2.5	2.5	0.9	0.99	0.5	0.1	0.9	15	-9	0.12	79.5	0.965	1	0	1	1	1	0	0	0
20210311	022800	1112	0.00	0.04	0.00	0.04	3	1.04	0.97	1458820000.00	1667880000000000.00		0	0	11	12	0	37.19	102.86	0.8	0.5	5	0.1	2.5	2.5	0.9	0.99	0.5	0.1	0.9	15	-9	0.12	79.5	0.965	1	0	1	1	1	0	0	0
20210311	022900	1112	0.00	0.04	0.00	0.04	3	1.04	0.96	1516320000.00	1745380000000000.00		0	0	11	12	0	37.19	102.86	0.8	0.5	5	0.1	2.5	2.5	0.9	0.99	0.5	0.1	0.9	15	-9	0.12	79.5	0.965	1	0	1	1	1	0	0	0
20210311	023000	1112	0.00	0.05	0.00	0.05	3	1.04	0.97	2960330000.00	1750100000000000.00		0	0	11	12	0	37.19	102.86	0.8	0.5	5	0.1	2.5	2.5	0.9	0.99	0.5	0.1	0.9	15	-9	0.12	79.5	0.965	1	0	1	1	1	0	0	0
20210311	023100	1112	0.00	0.05	0.00	0.05	3	1.04	0.98	2498060000.00	1714100000000000.00		0	0	11	12	0	37.19	102.86	0.8	0.5	5	0.1	2.5	2.5	0.9	0.99	0.5	0.1	0.9	15	-9	0.12	79.5	0.965	1	0	1	1	1	0	0	0
20210311	023200	1112	0.00	0.05	0.00	0.05	3	1.04	0.97	3005000000.00	1796230000000000.00		0	0	11	12	0	37.19	102.86	0.8	0.5	5	0.1	2.5	2.5	0.9	0.99	0.5	0.1	0.9	15	-9	0.12	79.5	0.965	1	0	1	1	1	0	0	0
20210311	023300	1112	0.00	0.05	0.00	0.05	3	1.04	0.96	433180000.00	1485770000000000.00		0	0	11	12	0	37.19	102.86	0.8	0.5	5	0.1	2.5	2.5	0.9	0.99	0.5	0.1	0.9	15	-9	0.12	79.5	0.965	1	0	1	1	1	0	0	0
20210311	023400	1112	0.00	0.05	0.00	0.05	3	1.04	0.96	2263210000.00	1556660000000000.00		0	0	11	12	0	37.19	102.86	0.8	0.5	5	0.1	2.5	2.5	0.9	0.99	0.5	0.1	0.9	15	-9	0.12	79.5	0.965	1	0	1	1	1	0	0	0
20210311	023500	1112	0.00	0.05	0.00	0.05	3	1.04	0.96	499184000.00	1712150000000000.00		0	0	11	12	0	37.19	102.86	0.8	0.5	5	0.1	2.5	2.5	0.9	0.99	0.5	0.1	0.9	15	-9	0.12	79.5	0.965	1	0	1	1	1	0	0	0
20210311	023600	1112	0.00	0.06	0.00	0.06	3	1.04	0.96	1525360000.00	1743950000000000.00		0	0	11	12	0	37.19	102.86	0.8	0.5	5	0.1	2.5	2.5	0.9	0.99	0.5	0.1	0.9	15	-9	0.12	79.5	0.965	1	0	1	1	1	0	0	0
20210311	023700	1112	0.00	0.05	0.00	0.05	3	1.04	0.96	1542330000.00	1763350000000000.00		0	0	11	12	0	37.19	102.86	0.8	0.5	5	0.1	2.5	2.5	0.9	0.99	0.5	0.1	0.9	15	-9	0.12	79.5	0.965	1	0	1	1	1	0	0	0
20210311	023800	1112	0.00	0.06	0.00	0.06	3	1.04	0.97	2.03	231.27		0	0	11	12	0	37.19	102.86	0.8	0.5	5	0.1	2.5	2.5	0.9	0.99	0.5	0.1	0.9	15	-9	0.12	79.5	0.965	1	0	1	1	1	0	0	0
20210311	023900	1112	0.00	0.06	0.00	0.06	3	1.04	0.98	2364620000.00	1689410000000000.00		0	0	11	12	0	37.19	102.86	0.8	0.5	5	0.1	2.5	2.5	0.9	0.99	0.5	0.1	0.9	15	-9	0.12	79.5	0.965	1	0	1	1	1	0	0	0
20210311	024000	1112	0.00	0.06	0.00	0.06	3	1.04	0.96	5718390000.00	1732180000000000.00		0	0	11	12	0	37.19	102.86	0.8	0.5	5	0.1	2.5	2.5	0.9	0.99	0.5	0.1	0.9	15	-9	0.12	79.5	0.965	1	0	1	1	1	0	0	0
20210311	024100	1112	0.00	0.06	0.00	0.06	3	1.04	0.98	2001360000.00	1724540000000000.00		0	0	11	12	0	37.19	102.86	0.8	0.5	5	0.1	2.5	2.5	0.9	0.99	0.5	0.1	0.9	15	-9	0.12	79.5	0.965	1	0	1	1	1	0	0	0
20210311	024200	1112	0.00	0.06	0.00	0.06	3	1.04	0.96	1456330000.00	1665020000000000.00		0	0	11	12	0	37.19	102.86	0.8	0.5	5	0.1	2.5	2.5	0.9	0.99	0.5	0.1	0.9	15	-9	0.12	79.5	0.965	1	0	1	1	1	0	0	0
20210311	024300	1112	0.00	0.06	0.00	0.06	3	1.03	0.98	2.03	1222.00		0	0	11	12	0	37.19	102.86	0.8	0.5	5	0.1	2.5	2.5	0.9	0.99	0.5	0.1	0.9	15	-9	0.12	79.5	0.965	1	0	1	1	1	0	0	0
20210311	024400	1112	0.00	0.05	0.00	0.05	3	1.03	0.96	4554780000.00	1767820000000000.00		0	0	11	12	0	37.19	102.86	0.8	0.5	5	0.1	2.5	2.5	0.9	0.99	0.5	0.1	0.9	15	-9	0.12	79.5	0.965	1	0	1	1	1	0	0	0
20210311	024500	1112	0.00	0.05	0.00	0.05	3	1.03	0.96	2854680000.00	1752680000000000.00		0	0	11	12	0	37.19	102.86	0.8	0.5	5	0.1	2.5	2.5	0.9	0.99	0.5	0.1	0.9	15	-9	0.12	79.5	0.965	1	0	1	1	1	0	0	0
20210311	024600	1112	0.00	0.06	0.00	0.06	3	1.04	0.96	1395140000.00	1595070000000000.00		0	0	11	12	0	37.19	102.86	0.8	0.5	5	0.1	2.5	2.5	0.9	0.99	0.5	0.1	0.9	15	-9	0.12	79.5	0.965	1	0	1	1	1	0	0	0
20210311	024700	1112	0.00	0.06	0.00	0.06	3	1.03	0.98	2.03	226.62		0	0	11	12	0	37.19	102.86	0.8	0.5	5	0.1	2.5	2.5	0.9	0.99	0.5	0.1	0.9	15	-9	0.12	79.5	0.965	1	0	1	1	1	0	0	0
20210311	024800	1112	0.00	0.06	0.00	0.06	3	1.03	0.96	11702000000.00	1716830000000000.00		0	0	11	12	0	37.19	102.86	0.8	0.5	5	0.1	2.5	2.5	0.9	0.99	0.5	0.1	0.9	15	-9	0.12	79.5	0.965	1	0	1	1	1	0	0	0
20210311	024900	1112	0.00	0.06	0.00	0.06	3	1.03	0.96	1363150000.00	1558500000000000.00		0	0	11	12	0	37.19	102.86	0.8	0.5	5	0.1	2.5	2.5	0.9	0.99	0.5	0.1	0.9	15	-9	0.12	79.5	0.965	1	0	1	1	1	0	0	0
20210311	025000	1112	0.00	0.06	0.00	0.06	3	1.03	0.96	2.03	184.12		0	0	11	12	0	37.19	102.86	0.8	0.5	5	0.1	2.5	2.5	0.9	0.99	0.5	0.1	0.9	15	-9	0.12	79.5	0.965	1	0	1	1	1	0	0	0
20210311	025100	1112	0.00	0.06	0.00	0.06	3	1.03	0.96	1053430000.00	1806580000000000.00		0	0	11	12	0	37.19	102.86	0.8	0.5	5	0.1	2.5	2.5	0.9	0.99	0.5	0.1	0.9	15	-9	0.12	79.5	0.965	1	0	1	1	1	0	0	0
20210311	025200	1112	0.00	0.06	0.00	0.06	3	1.03	0.98	2.03	73.89		0	0	11	12	0	37.19	102.86	0.8	0.5	5	0.1	2.5	2.5	0.9	0.99	0.5	0.1	0.9	15	-9	0.12	79.5	0.965	1	0	1	1	1	0	0	0
20210311	025300	1112	0.00	0.06	0.00	0.06	3	1.03	0.96	2.03	164.09		0	0	11	12	0	37.19	102.86	0.8	0.5	5	0.1	2.5	2.5	0.9	0.99	0.5	0.1	0.9	15	-9	0.12	79.5	0.965	1	0	1	1	1	0	0	0
20210311	025400	1112	0.00	0.07	0.00	0.07	3	1.03	0.96	2.03	3173.36		0	0	11	12	0	37.19	102.86	0.8	0.5	5	0.1	2.5	2.5	0.9	0.99	0.5	0.1	0.9	15	-9	0.12	79.5	0.965	1	0	1	1	1	0	0	0
20210311	025500	1112	0.00	0.07	0.00	0.07	3	1.03	0.96	2.02	385.62		0	0	11	12	0	37.19	102.86	0.8	0.5	5	0.1	2.5	2.5	0.9	0.99	0.5	0.1	0.9	15	-9	0.12	79.5	0.965	1	0	1	1	1	0	0	0
20210311	025600	1112	0.00	0.07	0.00	0.07	3	1.03	0.96	2.02	332.95		0	0	11	12	0	37.19	102.86	0.8	0.5	5	0.1	2.5	2.5	0.9	0.99	0.5	0.1	0.9	15	-9	0.12	79.5	0.965	1	0	1	1	1	0	0	0
20210311	025700	1112	0.00	0.04	0.00	0.04	3	1.03	0.96	2.02	172.65		0	0	11	12	0	37.19	102.86	0.8	0.5	5	0.1	2.5	2.5	0.9	0.99	0.5	0.1	0.9	15	-9	0.12	79.5	0.965	1	0	1	1	1	0	0	0
20210311	025800	1112	0.00	0.04	0.00	0.04	3	1.03	0.98	2.02	1011.26		0	0	11	12	0	37.19	102.86	0.8	0.5	5	0.1	2.5	2.5	0.9	0.99	0.5	0.1	0.9	15	-9	0.12	79.5	0.965	1	0	1	1	1	0	0	0
20210311	025900	1112	0.00	0.04	0.00	0.04	3	1.03	0.98	2242840000.00	1923180000000000.00		0	0	11	12	0	37.19	102.86	0.8	0.5	5	0.1	2.5	2.5	0.9	0.99	0.5	0.1	0.9	15	-9	0.12	79.5	0.965	1	0	1	1	1	0	0	0
20210311	030000	1112	0.00	0.04	0.00	0.04	3	1.03	0.97	2.02	1060.53		0	0	11	12	0	37.19	102.86	0.8	0.5	5	0.1	2.5	2.5	0.9	0.99	0.5	0.1	0.9	15	-9	0.12	79.5	0.965	1	0	1	1	1	0	0	0
20210311	030100	1112	0.00	0.04	0.00	0.04	3	1.03	0.97	2.02	2863.06		0	0	11	12	0	37.19	102.86	0.8	0.5	5	0.1	2.5	2.5	0.9	0.99	0.5	0.1	0.9	15	-9	0.12	79.5	0.965	1	0	1	1	1	0	0	0
20210311	030200	1112	0.00	0.04	0.00	0.04	3	1.03	0.96	1599710000.00	1828950000000000.00		0	0	11	12	0	37.19	102.86	0.8	0.5	5	0.1	2.5	2.5	0.9	0.99	0.5	0.1	0.9	15	-9	0.12	79.5	0.965	1	0	1	1	1	0	0	0
20210311	030300	1112	0.00	0.05	0.00	0.05	3	1.03	0.96	1490150000.00	1703690000000000.00		0	0	11	12	0	37.19	102.86	0.8	0.5	5	0.1	2.5	2.5	0.9	0.99	0.5	0.1	0.9	15	-9	0.12	79.5	0.965	1	0	1	1	1	0	0	0
20210311	030400	1112	0.00	0.05	0.00	0.05	3	1.03	0.96	4778690000.00	1909470000000000.00		0	0	11	12	0	37.19	102.86	0.8	0.5	5	0.1	2.5	2.5	0.9	0.99	0.5	0.1	0.9	15	-9	0.12	79.5	0.965	1	0	1	1	1	0	0	0
20210311	030500	1112	0.00	0.05	0.00	0.05	3	1.03	0.98	2.02	206.49		0	0	11	12	0	37.19	102.86	0.8	0.5	5	0.1	2.5	2.5	0.9	0.99	0.5	0.1	0.9	15	-9	0.12	79.5	0.965	1	0	1	1	1	0	0	0
20210311	030600	1112	0.00	0.05	0.00	0.05	3	1.03	0.98	1556220000.00	1779230000000000.00		0	0	11	12	0	37.19	102.86	0.8	0.5	5	0.1	2.5	2.5	0.9	0.99	0.5	0.1	0.9	15	-9	0.12	79.5	0.965	1	0	1	1	1	0	0	0
20210311	030700	1112	0.00	0.05	0.00	0.05	3	1.03	0.98	1537430000.00	1757750000000000.00		0	0	11	12	0	37.19	102.86	0.8	0.5	5	0.1	2.5	2.5	0.9	0.99	0.5	0.1	0.9	15	-9	0.12	79.5	0.965	1	0	1	1	1	0	0	0
20210311	030800	1112	0.00	0.05	0.00	0.05	3	1.03	0.96	2.02	89.73		0	0	11	12	0	37.19	102.86	0.8	0.5	5	0.1	2.5	2.5	0.9	0.99	0.5	0.1	0.9	15	-9	0.12	79.5	0.965	1	0	1	1	1	0	0	0
20210311	030900	1112	0.00	0.05	0.00	0.05	3	1.03	0.98	2552880000.00	1848980000000000.00		0	0	11	12	0	37.19	102.86	0.8	0.5	5	0.1	2.5	2.5	0.9	0.99	0.5	0.1	0.9	15	-9	0.12	79.5	0.965	1	0	1	1	1	0	0	0
20210311	031000	1112	0.00	0.05	0.00	0.05	3	1.03	0.97	2.03	2682.65		0	0	11	12	0	37.19	102.86	0.8	0.5	5	0.1	2.5	2.5	0.9	0.99	0.5	0.1	0.9	15	-9	0.12	79.5	0.965	1	0	1	1	1	0	0	0
20210311	031100	1112	0.00	0.05	0.00	0.05	3	1.03	0.98	1103500000.00	1892450000000000.00		0	0	11	12	0	37.19	102.86	0.8	0.5	5	0.1	2.5	2.5	0.9	0.99	0.5	0.1	0.9	15	-9	0.12	79.5	0.965	1	0	1	1	1	0	0	0
20210311	031200	1112	0.00	0.05	0.00	0.05	3	1.03	0.97	2.02	1103.88		0	0	11	12	0	37.19	102.86	0.8	0.5	5	0.1	2.5	2.5	0.9	0.99	0.5	0.1	0.9	15	-9	0.12	79.5	0.965	1	0	1	1	1	0	0	0
20210311	031300	1112	0.00	0.05	0.00	0.05	3	1.02	0.96	2.02	213.58		0	0	11	12	0	37.19	102.86	0.8	0.5	5	0.1	2.5	2.5	0.9	0.99	0.5	0.1	0.9	15	-9	0.12	79.5	0.965	1	0	1	1	1	0	0	0
20210311	031400	1112	0.00	0.05	0.00	0.05	3	1.03	0.99	2.02	334.29		0	0	11	12	0	37.19	102.86	0.8	0.5	5	0.1	2.5	2.5	0.9	0.99	0.5	0.1	0.9	15	-9	0.12	79.5	0.965	1	0	1	1	1	0	0	0
20210311	031500	1112	0.00	0.05	0.00	0.05	3	1.02	0.98	2.02	268.42		0	0	11	12	0	37.19	102.86	0.8	0.5	5	0.1	2.5	2.5	0.9	0.99	0.5	0.1	0.9	15	-9	0.12	79.5	0.965	1	0	1	1	1	0	0	0
20210311	031600	1112	0.00	0.06	0.00	0.06	3	1.02	0.98	3215310000.00	1604740000000000.00		0	0	11	12	0	37.19	102.86	0.8	0.5	5	0.1	2.5	2.5	0.9	0.99	0.5	0.1	0.9	15	-9	0.12	79.5	0.965	1	0	1	1	1	0	0	0
20210311	031700	1112	0.00	0.06	0.00	0.06	3	1.02	0.96	1522850000.00	1741080000000000.00		0	0	11	12	0	37.19	102.86	0.8	0.5	5	0.1	2.5	2.5	0.9	0.99	0.5	0.1	0.9	15	-9	0.12	79.5	0.965	1	0	1	1	1	0	0	0
20210311	031800	1112	0.00	0.06	0.00	0.06	3	1.02	0.98	2.02	331.84		0	0	11	12	0	37.19	102.86	0.8	0.5	5	0.1	2.5	2.5	0.9	0.99	0.5	0.1	0.9	15	-9	0.12	79.5	0.965	1	0	1	1	1	0	0	0
20210311	031900	1112	0.00	0.06	0.00	0.06	3	1.02	0.96	2.02	66.50		0	0	11	12	0	37.19	102.86	0.8	0.5	5	0.1	2.5	2.5	0.9	0.99	0.5	0.1	0.9	15	-9	0.12	79.5	0.965	1	0	1	1	1	0	0	0
20210311	032000	1112	0.00	0.06	0.00	0.06	3	1.02	0.96	2.03	603.50		0	0	11	12	0	37.19	102.86	0.8	0.5	5	0.1	2.5	2.5	0.9	0.99	0.5	0.1	0.9	15	-9	0.12	79.5	0.965	1	0	1	1	1	0	0	0
20210311	032100	1112	0.00	0.06	0.00	0.06	3	1.02	0.96	2.03	1423.93		0	0	11	12	0	37.19	102.86	0.8	0.5	5	0.1	2.5	2.5	0.9	0.99	0.5	0.1	0.9	15	-9	0.12	79.5	0.965	1	0	1	1	1	0	0	0
20210311	032200	1112	0.00	0.06	0.00	0.06	3	1.02	0.98	2.03	507.08		0	0	11	12	0	37.19	102.86	0.8	0.5	5	0.1	2.5	2.5	0.9	0.99	0.5	0.1	0.9	15	-9	0.12	79.5	0.965	1	0	1	1	1	0	0	0
20210311	032300	1112	0.00	0.06	0.00	0.06	3	1.02	0.97	1502860000.00	1718220000000000.00		0	0	11	12	0	37.19	102.86	0.8	0.5	5	0.1	2.5	2.5	0.9	0.99	0.5	0.1	0.9	15	-9	0.12	79.5	0.965	1	0	1	1	1	0	0	0
20210311	032400	1112	0.00	0.06	0.00	0.06	3	1.02	0.96	3034670000.00	1832970000000000.00		0	0	11	12	0	37.19	102.86	0.8	0.5	5	0.1	2.5	2.5	0.9	0.99	0.5	0.1	0.9	15	-9	0.12	79.5	0.965	1	0	1	1	1	0	0	0
20210311	032500	1112	0.00	0.06	0.00	0.06	3	1.02	0.96	1084860000.00	1860480000000000.00		0	0	11	12	0	37.19	102.86	0.8	0.5	5	0.1	2.5	2.5	0.9	0.99	0.5	0.1	0.9	15	-9	0.12	79.5	0.965	1	0	1	1	1	0	0	0
20210311	032600	1112	0.00	0.06	0.00	0.06	3	1.02	0.98	2.02	284.92		0	0	11	12	0	37.19	102.86	0.8	0.5	5	0.1	2.5	2.5	0.9	0.99	0.5	0.1	0.9	15	-9	0.12	79.5	0.965	1	0	1	1	1	0	0	0
20210311	032700	1112	0.00	0.06	0.00	0.06	3	0.97	0.96	2.02	226.40		0	0	11	12	0	37.19	102.86	0.8	0.5	5	0.1	2.5	2.5	0.9	0.99	0.5	0.1	0.9	15	-9	0.12	79.5	0.965	1	0	1	1	1	0	0	0
20210311	032800	1112	0.00	0.06	0.00	0.06	3	0.97	0.96	506251000.00	1736390000000000.00		0	0	11	12	0	37.19	102.86	0.8	0.5	5	0.1	2.5	2.5	0.9	0.99	0.5	0.1	0.9	15	-9	0.12	79.5	0.965	1	0	1	1	1	0	0	0
20210311	032900	1112	0.00	0.06	0.00	0.06	3	0.97	0.98	1683480000.00	1924720000000000.00		0	0	11	12	0	37.19	102.86	0.8	0.5	5	0.1	2.5	2.5	0.9	0.99	0.5	0.1	0.9	15	-9	0.12	79.5	0.965	1	0	1	1	1	0	0	0
20210311	033000	1112	0.00	0.06	0.00	0.06	3	0.97	0.96	489335000.00	1678370000000000.00		0	0	11	12	0	37.19	102.86	0.8	0.5	5	0.1	2.5	2.5	0.9	0.99	0.5	0.1	0.9	15	-9	0.12	79.5	0.965	1	0	1	1	1	0	0	0
20210311	033100	1112	0.00	0.06	0.00	0.06	3	0.97	0.98	2.02	584.23		0	0	11	12	0	37.19	102.86	0.8	0.5	5	0.1	2.5	2.5	0.9	0.99	0.5	0.1	0.9	15	-9	0.12	79.5	0.965	1	0	1	1	1	0	0	0
20210311	033200	1112	0.00	0.06	0.00	0.06	3	0.97	0.98	2990300000.00	1798860000000000.00		0	0	11	12	0	37.19	102.86	0.8	0.5	5	0.1	2.5	2.5	0.9	0.99	0.5	0.1	0.9	15	-9	0.12	79.5	0.965	1	0	1	1	1	0	0	0
20210311	033300	1112	0.00	0.06	0.00	0.06	3	0.97	0.98	2.02	169.60		0	0	11	12	0	37.19	102.86	0.8	0.5	5	0.1	2.5	2.5	0.9	0.99	0.5	0.1	0.9	15	-9	0.12	79.5	0.965	1	0	1	1	1	0	0	0
20210311	033400	1112	0.00	0.06	0.00	0.06	3	0.97	0.96	463856000.00	1590980000000000.00		0	0	11	12	0	37.19	102.86	0.8	0.5	5	0.1	2.5	2.5	0.9	0.99	0.5	0.1	0.9	15	-9	0.12	79.5	0.965	1	0	1	1	1	0	0	0
20210311	033500	1112	0.00	0.06	0.00	0.06	3	0.97	0.96	2.02	1111.92		0	0	11	12	0	37.19	102.86	0.8	0.5	5	0.1	2.5	2.5	0.9	0.99	0.5	0.1	0.9	15	-9	0.12	79.5	0.965	1	0	1	1	1	0	0	0
20210311	033600	1112	0.00	0.06	0.00	0.06	3	0.97	0.97	1081390000.00	1854540000000000.00		0	0	11	12	0	37.19	102.86	0.8	0.5	5	0.1	2.5	2.5	0.9	0.99	0.5	0.1	0.9	15	-9	0.12	79.5	0.965	1	0	1	1	1	0	0	0
20210311	033700	1112	0.00	0.06	0.00	0.06	3	0.98	0.96	1521080000.00	1739050000000000.00		0	0	11	12	0	37.19	102.86	0.8	0.5	5	0.1	2.5	2.5	0.9	0.99	0.5	0.1	0.9	15	-9	0.12	79.5	0.965	1	0	1	1	1	0	0	0
20210311	033800	1112	0.00	0.06	0.00	0.06	3	0.98	0.97	2.01	212.68		0	0	11	12	0	37.19	102.86	0.8	0.5	5	0.1	2.5	2.5	0.9	0.99	0.5	0.1	0.9	15	-9	0.12	79.5	0.965	1	0	1	1	1	0	0	0
20210311	033900	1112	0.00	0.06	0.00	0.06	3	0.98	0.96	2.01	193.22		0	0	11	12	0	37.19	102.86	0.8	0.5	5	0.1	2.5	2.5	0.9	0.99	0.5	0.1	0.9	15	-9	0.12	79.5	0.965	1	0	1	1	1	0	0	0
20210311	034000	1112	0.00	0.07	0.00	0.07	3	0.97	0.96	2.01	156.08		0	0	11	12	0	37.19	102.86	0.8	0.5	5	0.1	2.5	2.5	0.9	0.99	0.5	0.1	0.9	15	-9	0.12	79.5	0.965	1	0	1	1	1	0	0	0
20210311	034100	1112	0.00	0.06	0.00	0.06	3	0.97	0.97	2.01	48.63		0	0	11	12	0	37.19	102.86	0.8	0.5	5	0.1	2.5	2.5	0.9	0.99	0.5	0.1	0.9	15	-9	0.12	79.5	0.965	1	0	1	1	1	0	0	0
20210311	034200	1112	0.00	0.06	0.00	0.06	3	0.97	0.98	488889000.00	1676840000000000.00		0	0	11	12	0	37.19	102.86	0.8	0.5	5	0.1	2.5	2.5	0.9	0.99	0.5	0.1	0.9	15	-9	0.12	79.5	0.965	1	0	1	1	1	0	0	0
20210311	034300	1112	0.00	0.06	0.00	0.06	3	0.97	0.96	2.02	261.00		0	0	11	12	0	37.19	102.86	0.8	0.5	5	0.1	2.5	2.5	0.9	0.99	0.5	0.1	0.9	15	-9	0.12	79.5	0.965	1	0	1	1	1	0	0	0
20210311	034400	1112	0.00	0.07	0.00	0.07	3	0.97	0.96	2.02	136.68		0	0	11	12	0	37.19	102.86	0.8	0.5	5	0.1	2.5	2.5	0.9	0.99	0.5	0.1	0.9	15	-9	0.12	79.5	0.965	1	0	1	1	1	0	0	0
20210311	034500	1112	0.00	0.07	0.00	0.07	3	0.97	0.96	2.01	1173.52		0	0	11	12	0	37.19	102.86	0.8	0.5	5	0.1	2.5	2.5	0.9	0.99	0.5	0.1	0.9	15	-9	0.12	79.5	0.965	1	0	1	1	1	0	0	0
20210311	034600	1112	0.00	0.07	0.00	0.07	3	0.97	0.96	2.01	161.09		0	0	11	12	0	37.19	102.86	0.8	0.5	5	0.1	2.5	2.5	0.9	0.99	0.5	0.1	0.9	15	-9	0.12	79.5	0.965	1	0	1	1	1	0	0	0
20210311	034700	1112	0.00	0.07	0.00	0.07	3	0.97	0.97	2.01	531.18		0	0	11	12	0	37.19	102.86	0.8	0.5	5	0.1	2.5	2.5	0.9	0.99	0.5	0.1	0.9	15	-9	0.12	79.5	0.965	1	0	1	1	1	0	0	0
20210311	034800	1112	0.00	0.07	0.00	0.07	3	0.97	0.96	1095940000.00	1879480000000000.00		0	0	11	12	0	37.19	102.86	0.8	0.5	5	0.1	2.5	2.5	0.9	0.99	0.5	0.1	0.9	15	-9	0.12	79.5	0.965	1	0	1	1	1	0	0	0
20210311	034900	1112	0.00	0.07	0.00	0.07	3	0.97	0.96	2.00	237.55		0	0	11	12	0	37.19	102.86	0.8	0.5	5	0.1	2.5	2.5	0.9	0.99	0.5	0.1	0.9	15	-9	0.12	79.5	0.965	1	0	1	1	1	0	0	0
20210311	035000	1112	0.00	0.07	0.00	0.07	3	0.97	0.96	2.00	151.01		0	0	11	12	0	37.19	102.86	0.8	0.5	5	0.1	2.5	2.5	0.9	0.99	0.5	0.1	0.9	15	-9	0.12	79.5	0.965	1	0	1	1	1	0	0	0
20210311	035100	1112	0.00	0.08	0.00	0.08	3	0.97	0.97	2.00	110.92		0	0	11	12	0	37.19	102.86	0.8	0.5	5	0.1	2.5	2.5	0.9	0.99	0.5	0.1	0.9	15	-9	0.12	79.5	0.965	1	0	1	1	1	0	0	0
20210311	035200	1112	0.00	0.08	0.00	0.08	3	0.98	0.97	2.00	7766.22		0	0	11	12	0	37.19	102.86	0.8	0.5	5	0.1	2.5	2.5	0.9	0.99	0.5	0.1	0.9	15	-9	0.12	79.5	0.965	1	0	1	1	1	0	0	0
20210311	035300	1112	0.00	0.08	0.00	0.08	3	0.98	0.97	1080670000.00	1853300000000000.00		0	0	11	12	0	37.19	102.86	0.8	0.5	5	0.1	2.5	2.5	0.9	0.99	0.5	0.1	0.9	15	-9	0.12	79.5	0.965	1	0	1	1	1	0	0	0
20210311	035400	1112	0.00	0.08	0.00	0.08	3	0.98	0.96	1.99	214.85		0	0	11	12	0	37.19	102.86	0.8	0.5	5	0.1	2.5	2.5	0.9	0.99	0.5	0.1	0.9	15	-9	0.12	79.5	0.965	1	0	1	1	1	0	0	0
20210311	035500	1112	0.00	0.08	0.00	0.08	3	0.98	0.96	8436650000.00	2032420000000000.00		0	0	11	12	0	37.19	102.86	0.8	0.5	5	0.1	2.5	2.5	0.9	0.99	0.5	0.1	0.9	15	-9	0.12	79.5	0.965	1	0	1	1	1	0	0	0
20210311	035600	1112	0.00	0.08	0.00	0.08	3	0.98	0.96	1.99	302.30		0	0	11	12	0	37.19	102.86	0.8	0.5	5	0.1	2.5	2.5	0.9	0.99	0.5	0.1	0.9	15	-9	0.12	79.5	0.965	1	0	1	1	1	0	0	0
20210311	035700	1112	0.00	0.08	0.00	0.08	3	0.97	0.96	2.00	7117.80		0	0	11	12	0	37.19	102.86	0.8	0.5	5	0.1	2.5	2.5	0.9	0.99	0.5	0.1	0.9	15	-9	0.12	79.5	0.965	1	0	1	1	1	0	0	0
20210311	035800	1112	0.00	0.08	0.00	0.08	3	0.97	0.96	1671030000.00	1910490000000000.00		0	0	11	12	0	37.19	102.86	0.8	0.5	5	0.1	2.5	2.5	0.9	0.99	0.5	0.1	0.9	15	-9	0.12	79.5	0.965	1	0	1	1	1	0	0	0
20210311	035900	1112	0.00	0.08	0.00	0.08	3	0.98	0.96	565440000.00	1939410000000000.00		0	0	11	12	0	37.19	102.86	0.8	0.5	5	0.1	2.5	2.5	0.9	0.99	0.5	0.1	0.9	15	-9	0.12	79.5	0.965	1	0	1	1	1	0	0	0
20210311	040000	1112	0.00	0.08	0.00	0.08	3	0.97	0.96	1043930000.00	1790280000000000.00		0	0	11	12	0	37.19	102.86	0.8	0.5	5	0.1	2.5	2.5	0.9	0.99	0.5	0.1	0.9	15	-9	0.12	79.5	0.965	1	0	1	1	1	0	0	0
20210311	040100	1112	0.00	0.08	0.00	0.08	3	0.97	0.97	2.00	153.95		0	0	11	12	0	37.19	102.86	0.8	0.5	5	0.1	2.5	2.5	0.9	0.99	0.5	0.1	0.9	15	-9	0.12	79.5	0.965	1	0	1	1	1	0	0	0
20210311	040200	1112	0.00	0.08	0.00	0.08	3	0.97	0.97	2.00	180.78		0	0	11	12	0	37.19	102.86	0.8	0.5	5	0.1	2.5	2.5	0.9	0.99	0.5	0.1	0.9	15	-9	0.12	79.5	0.965	1	0	1	1	1	0	0	0
20210311	040300	1112	0.00	0.08	0.00	0.08	3	0.97	0.96	2.00	191.22		0	0	11	12	0	37.19	102.86	0.8	0.5	5	0.1	2.5	2.5	0.9	0.99	0.5	0.1	0.9	15	-9	0.12	79.5	0.965	1	0	1	1	1	0	0	0
20210311	040400	1112	0.00	0.09	0.00	0.09	3	0.97	0.96	1.99	791.15		0	0	11	12	0	37.19	102.86	0.8	0.5	5	0.1	2.5	2.5	0.9	0.99	0.5	0.1	0.9	15	-9	0.12	79.5	0.965	1	0	1	1	1	0	0	0
20210311	040500	1112	0.00	0.09	0.00	0.09	3	0.97	0.95	1.99	40.84		0	0	11	12	0	37.19	102.86	0.8	0.5	5	0.1	2.5	2.5	0.9	0.99	0.5	0.1	0.9	15	-9	0.12	79.5	0.965	1	0	1	1	1	0	0	0
20210311	040600	1112	0.00	0.09	0.00	0.09	3	0.98	0.95	1.99	4720.08		0	0	11	12	0	37.19	102.86	0.8	0.5	5	0.1	2.5	2.5	0.9	0.99	0.5	0.1	0.9	15	-9	0.12	79.5	0.965	1	0	1	1	1	0	0	0
20210311	040700	1112	0.00	0.09	0.00	0.09	3	0.98	0.97	1.98	149.05		0	0	11	12	0	37.19	102.86	0.8	0.5	5	0.1	2.5	2.5	0.9	0.99	0.5	0.1	0.9	15	-9	0.12	79.5	0.965	1	0	1	1	1	0	0	0
20210311	040800	1112	0.00	0.09	0.00	0.09	3	0.98	0.96	1706590000.00	1951150000000000.00		0	0	11	12	0	37.19	102.86	0.8	0.5	5	0.1	2.5	2.5	0.9	0.99	0.5	0.1	0.9	15	-9	0.12	79.5	0.965	1	0	1	1	1	0	0	0
20210311	040900	1112	0.00	0.09	0.00	0.09	3	0.98	0.96	1.98	291.51		0	0	11	12	0	37.19	102.86	0.8	0.5	5	0.1	2.5	2.5	0.9	0.99	0.5	0.1	0.9	15	-9	0.12	79.5	0.965	1	0	1	1	1	0	0	0
20210311	041000	1112	0.00	0.09	0.00	0.09	3	0.98	0.96	1601160000.00	1830610000000000.00		0	0	11	12	0	37.19	102.86	0.8	0.5	5	0.1	2.5	2.5	0.9	0.99	0.5	0.1	0.9	15	-9	0.12	79.5	0.965	1	0	1	1	1	0	0	0
20210311	041100	1112	0.00	0.09	0.00	0.09	3	0.98	0.96	1.98	62.56		0	0	11	12	0	37.19	102.86	0.8	0.5	5	0.1	2.5	2.5	0.9	0.99	0.5	0.1	0.9	15	-9	0.12	79.5	0.965	1	0	1	1	1	0	0	0
20210311	041200	1112	0.00	0.09	0.00	0.09	3	0.98	0.98	1.98	652.82		0	0	11	12	0	37.19	102.86	0.8	0.5	5	0.1	2.5	2.5	0.9	0.99	0.5	0.1	0.9	15	-9	0.12	79.5	0.965	1	0	1	1	1	0	0	0
20210311	041300	1112	0.00	0.09	0.00	0.09	3	0.98	0.96	1.98	678.48		0	0	11	12	0	37.19	102.86	0.8	0.5	5	0.1	2.5	2.5	0.9	0.99	0.5	0.1	0.9	15	-9	0.12	79.5	0.965	1	0	1	1	1	0	0	0
20210311	041400	1112	0.00	0.09	0.00	0.09	3	0.98	0.96	1.98	2865.84		0	0	11	12	0	37.19	102.86	0.8	0.5	5	0.1	2.5	2.5	0.9	0.99	0.5	0.1	0.9	15	-9	0.12	79.5	0.965	1	0	1	1	1	0	0	0
20210311	041500	1112	0.00	0.09	0.00	0.09	3	0.98	0.96	1491750000.00	1707550000000000.00		0	0	11	12	0	37.19	102.86	0.8	0.5	5	0.1	2.5	2.5	0.9	0.99	0.5	0.1	0.9	15	-9	0.12	79.5	0.965	1	0	1	1	1	0	0	0
20210311	041600	1112	0.00	0.10	0.00	0.10	3	0.97	0.96	1.99	1150.06		0	0	11	12	0	37.19	102.86	0.8	0.5	5	0.1	2.5	2.5	0.9	0.99	0.5	0.1	0.9	15	-9	0.12	79.5	0.965	1	0	1	1	1	0	0	0
20210311	041700	1112	0.00	0.10	0.00	0.10	3	0.97	0.97	1.98	260.18		0	0	11	12	0	37.19	102.86	0.8	0.5	5	0.1	2.5	2.5	0.9	0.99	0.5	0.1	0.9	15	-9	0.12	79.5	0.965	1	0	1	1	1	0	0	0
20210311	041800	1112	0.00	0.09	0.00	0.09	3	0.97	0.97	1.98	158.89		0	0	11	12	0	37.19	102.86	0.8	0.5	5	0.1	2.5	2.5	0.9	0.99	0.5	0.1	0.9	15	-9	0.12	79.5	0.965	1	0	1	1	1	0	0	0
20210311	041900	1112	0.00	0.09	0.00	0.09	3	0.97	0.98	1.99	302.15		0	0	11	12	0	37.19	102.86	0.8	0.5	5	0.1	2.5	2.5	0.9	0.99	0.5	0.1	0.9	15	-9	0.12	79.5	0.965	1	0	1	1	1	0	0	0
20210311	042000	1112	0.00	0.09	0.00	0.09	3	0.97	0.96	1573020000.00	1798440000000000.00		0	0	11	12	0	37.19	102.86	0.8	0.5	5	0.1	2.5	2.5	0.9	0.99	0.5	0.1	0.9	15	-9	0.12	79.5	0.965	1	0	1	1	1	0	0	0
20210311	042100	1112	0.00	0.09	0.00	0.09	3	0.97	0.96	1.99	93.63		0	0	11	12	0	37.19	102.86	0.8	0.5	5	0.1	2.5	2.5	0.9	0.99	0.5	0.1	0.9	15	-9	0.12	79.5	0.965	1	0	1	1	1	0	0	0
20210311	042200	1112	0.00	0.09	0.00	0.09	3	0.98	0.97	1.99	55.16		0	0	11	12	0	37.19	102.86	0.8	0.5	5	0.1	2.5	2.5	0.9	0.99	0.5	0.1	0.9	15	-9	0.12	79.5	0.965	1	0	1	1	1	0	0	0
20210311	042300	1112	0.00	0.10	0.00	0.10	3	0.98	0.97	1026000000.00	1759540000000000.00		0	0	11	12	0	37.19	102.86	0.8	0.5	5	0.1	2.5	2.5	0.9	0.99	0.5	0.1	0.9	15	-9	0.12	79.5	0.965	1	0	1	1	1	0	0	0
20210311	042400	1112	0.00	0.10	0.00	0.10	3	0.98	0.96	1.98	2074.23		0	0	11	12	0	37.19	102.86	0.8	0.5	5	0.1	2.5	2.5	0.9	0.99	0.5	0.1	0.9	15	-9	0.12	79.5	0.965	1	0	1	1	1	0	0	0
20210311	042500	1112	0.00	0.10	0.00	0.10	3	0.98	0.98	1.98	320.83		0	0	11	12	0	37.19	102.86	0.8	0.5	5	0.1	2.5	2.5	0.9	0.99	0.5	0.1	0.9	15	-9	0.12	79.5	0.965	1	0	1	1	1	0	0	0
20210311	042600	1112	0.00	0.10	0.00	0.10	3	0.98	0.98	1.98	70.96		0	0	11	12	0	37.19	102.86	0.8	0.5	5	0.1	2.5	2.5	0.9	0.99	0.5	0.1	0.9	15	-9	0.12	79.5	0.965	1	0	1	1	1	0	0	0
20210311	042700	1112	0.00	0.10	0.00	0.10	3	0.97	0.96	1.99	3003.66		0	0	11	12	0	37.19	102.86	0.8	0.5	5	0.1	2.5	2.5	0.9	0.99	0.5	0.1	0.9	15	-9	0.12	79.5	0.965	1	0	1	1	1	0	0	0
20210311	042800	1112	0.00	0.10	0.00	0.10	3	0.97	0.97	1.98	41.42		0	0	11	12	0	37.19	102.86	0.8	0.5	5	0.1	2.5	2.5	0.9	0.99	0.5	0.1	0.9	15	-9	0.12	79.5	0.965	1	0	1	1	1	0	0	0
20210311	042900	1112	0.00	0.10	0.00	0.10	3	0.97	0.99	1.99	50.09		0	0	11	12	0	37.19	102.86	0.8	0.5	5	0.1	2.5	2.5	0.9	0.99	0.5	0.1	0.9	15	-9	0.12	79.5	0.965	1	0	1	1	1	0	0	0
20210311	043000	1112	0.00	0.10	0.00	0.10	3	0.97	0.97	1.98	157.49		0	0	11	12	0	37.19	102.86	0.8	0.5	5	0.1	2.5	2.5	0.9	0.99	0.5	0.1	0.9	15	-9	0.12	79.5	0.965	1	0	1	1	1	0	0	0
20210311	043100	1112	0.00	0.10	0.00	0.10	3	0.97	0.98	1.98	19.76		0	0	11	12	0	37.19	102.86	0.8	0.5	5	0.1	2.5	2.5	0.9	0.99	0.5	0.1	0.9	15	-9	0.12	79.5	0.965	1	0	1	1	1	0	0	0
20210311	043200	1112	0.00	0.10	0.00	0.10	3	0.97	0.96	1.98	53.03		0	0	11	12	0	37.19	102.86	0.8	0.5	5	0.1	2.5	2.5	0.9	0.99	0.5	0.1	0.9	15	-9	0.12	79.5	0.965	1	0	1	1	1	0	0	0
20210311	043300	1112	0.00	0.10	0.00	0.10	3	0.97	0.96	1.98	56.97		0	0	11	12	0	37.19	102.86	0.8	0.5	5	0.1	2.5	2.5	0.9	0.99	0.5	0.1	0.9	15	-9	0.12	79.5	0.965	1	0	1	1	1	0	0	0
20210311	043400	1112	0.00	0.10	0.00	0.10	3	0.97	0.95	1.98	53.31		0	0	11	12	0	37.19	102.86	0.8	0.5	5	0.1	2.5	2.5	0.9	0.99	0.5	0.1	0.9	15	-9	0.12	79.5	0.965	1	0	1	1	1	0	0	0
20210311	043500	1112	0.00	0.10	0.00	0.10	3	0.97	0.97	1.98	134.14		0	0	11	12	0	37.19	102.86	0.8	0.5	5	0.1	2.5	2.5	0.9	0.99	0.5	0.1	0.9	15	-9	0.12	79.5	0.965	1	0	1	1	1	0	0	0
20210311	043600	1112	0.00	0.10	0.00	0.10	3	0.97	0.96	1.98	16.67		0	0	11	12	0	37.19	102.86	0.8	0.5	5	0.1	2.5	2.5	0.9	0.99	0.5	0.1	0.9	15	-9	0.12	79.5	0.965	1	0	1	1	1	0	0	0
20210311	043700	1112	0.00	0.10	0.00	0.10	3	0.97	0.96	1.98	27.88		0	0	11	12	0	37.19	102.86	0.8	0.5	5	0.1	2.5	2.5	0.9	0.99	0.5	0.1	0.9	15	-9	0.12	79.5	0.965	1	0	1	1	1	0	0	0
20210311	043800	1112	0.00	0.10	0.00	0.10	3	0.97	0.96	1.98	49.62		0	0	11	12	0	37.19	102.86	0.8	0.5	5	0.1	2.5	2.5	0.9	0.99	0.5	0.1	0.9	15	-9	0.12	79.5	0.965	1	0	1	1	1	0	0	0
20210311	043900	1112	0.00	0.10	0.00	0.10	3	0.97	0.96	1.98	23.06		0	0	11	12	0	37.19	102.86	0.8	0.5	5	0.1	2.5	2.5	0.9	0.99	0.5	0.1	0.9	15	-9	0.12	79.5	0.965	1	0	1	1	1	0	0	0
20210311	044000	1112	0.00	0.10	0.00	0.10	3	0.97	0.98	1.98	44.18		0	0	11	12	0	37.19	102.86	0.8	0.5	5	0.1	2.5	2.5	0.9	0.99	0.5	0.1	0.9	15	-9	0.12	79.5	0.965	1	0	1	1	1	0	0	0
20210311	044100	1112	0.00	0.10	0.00	0.10	3	0.98	0.96	1.98	117.45		0	0	11	12	0	37.19	102.86	0.8	0.5	5	0.1	2.5	2.5	0.9	0.99	0.5	0.1	0.9	15	-9	0.12	79.5	0.965	1	0	1	1	1	0	0	0
20210311	044200	1112	0.00	0.10	0.00	0.10	3	0.98	0.96	1.98	31.22		0	0	11	12	0	37.19	102.86	0.8	0.5	5	0.1	2.5	2.5	0.9	0.99	0.5	0.1	0.9	15	-9	0.12	79.5	0.965	1	0	1	1	1	0	0	0
20210311	044300	1112	0.00	0.11	0.00	0.11	3	0.98	0.98	1.98	420.83		0	0	11	12	0	37.19	102.86	0.8	0.5	5	0.1	2.5	2.5	0.9	0.99	0.5	0.1	0.9	15	-9	0.12	79.5	0.965	1	0	1	1	1	0	0	0
20210311	044400	1112	0.00	0.11	0.00	0.11	3	0.98	0.95	1.97	18.92		0	0	11	12	0	37.19	102.86	0.8	0.5	5	0.1	2.5	2.5	0.9	0.99	0.5	0.1	0.9	15	-9	0.12	79.5	0.965	1	0	1	1	1	0	0	0
20210311	044500	1112	0.00	0.11	0.00	0.11	3	0.98	0.97	1.97	38.56		0	0	11	12	0	37.19	102.86	0.8	0.5	5	0.1	2.5	2.5	0.9	0.99	0.5	0.1	0.9	15	-9	0.12	79.5	0.965	1	0	1	1	1	0	0	0
20210311	044600	1112	0.00	0.10	0.00	0.10	3	0.98	0.97	1.97	45.20		0	0	11	12	0	37.19	102.86	0.8	0.5	5	0.1	2.5	2.5	0.9	0.99	0.5	0.1	0.9	15	-9	0.12	79.5	0.965	1	0	1	1	1	0	0	0
20210311	044700	1112	0.00	0.10	0.00	0.10	3	0.98	0.97	1.97	145.97		0	0	11	12	0	37.19	102.86	0.8	0.5	5	0.1	2.5	2.5	0.9	0.99	0.5	0.1	0.9	15	-9	0.12	79.5	0.965	1	0	1	1	1	0	0	0
20210311	044800	1112	0.00	0.10	0.00	0.10	3	0.98	0.96	1.97	16.06		0	0	11	12	0	37.19	102.86	0.8	0.5	5	0.1	2.5	2.5	0.9	0.99	0.5	0.1	0.9	15	-9	0.12	79.5	0.965	1	0	1	1	1	0	0	0
20210311	044900	1112	0.00	0.11	0.00	0.11	3	0.98	0.97	1.97	1501.48		0	0	11	12	0	37.19	102.86	0.8	0.5	5	0.1	2.5	2.5	0.9	0.99	0.5	0.1	0.9	15	-9	0.12	79.5	0.965	1	0	1	1	1	0	0	0
20210311	045000	1112	0.00	0.11	0.00	0.11	3	0.98	0.96	1.97	27.21		0	0	11	12	0	37.19	102.86	0.8	0.5	5	0.1	2.5	2.5	0.9	0.99	0.5	0.1	0.9	15	-9	0.12	79.5	0.965	1	0	1	1	1	0	0	0
20210311	045100	1112	0.00	0.11	0.00	0.11	3	0.98	0.96	1.97	36.18		0	0	11	12	0	37.19	102.86	0.8	0.5	5	0.1	2.5	2.5	0.9	0.99	0.5	0.1	0.9	15	-9	0.12	79.5	0.965	1	0	1	1	1	0	0	0
20210311	045200	1112	0.00	0.11	0.00	0.11	3	0.98	0.96	1.97	15.71		0	0	11	12	0	37.19	102.86	0.8	0.5	5	0.1	2.5	2.5	0.9	0.99	0.5	0.1	0.9	15	-9	0.12	79.5	0.965	1	0	1	1	1	0	0	0
20210311	045300	1112	0.00	0.11	0.00	0.11	3	0.97	0.96	1.98	598.37		0	0	11	12	0	37.19	102.86	0.8	0.5	5	0.1	2.5	2.5	0.9	0.99	0.5	0.1	0.9	15	-9	0.12	79.5	0.965	1	0	1	1	1	0	0	0
20210311	045400	1112	0.00	0.10	0.00	0.10	3	0.97	0.97	1.98	34.13		0	0	11	12	0	37.19	102.86	0.8	0.5	5	0.1	2.5	2.5	0.9	0.99	0.5	0.1	0.9	15	-9	0.12	79.5	0.965	1	0	1	1	1	0	0	0
20210311	045500	1112	0.00	0.11	0.00	0.11	3	0.97	0.98	1.98	32.67		0	0	11	12	0	37.19	102.86	0.8	0.5	5	0.1	2.5	2.5	0.9	0.99	0.5	0.1	0.9	15	-9	0.12	79.5	0.965	1	0	1	1	1	0	0	0
20210311	045600	1112	0.00	0.11	0.00	0.11	3	0.98	0.98	1.98	48.80		0	0	11	12	0	37.19	102.86	0.8	0.5	5	0.1	2.5	2.5	0.9	0.99	0.5	0.1	0.9	15	-9	0.12	79.5	0.965	1	0	1	1	1	0	0	0
20210311	045700	1112	0.00	0.11	0.00	0.11	3	0.97	0.98	1.98	63.07		0	0	11	12	0	37.19	102.86	0.8	0.5	5	0.1	2.5	2.5	0.9	0.99	0.5	0.1	0.9	15	-9	0.12	79.5	0.965	1	0	1	1	1	0	0	0
20210311	045800	1112	0.00	0.10	0.00	0.10	3	0.98	0.96	1.98	68.64		0	0	11	12	0	37.19	102.86	0.8	0.5	5	0.1	2.5	2.5	0.9	0.99	0.5	0.1	0.9	15	-9	0.12	79.5	0.965	1	0	1	1	1	0	0	0
20210311	045900	1112	0.00	0.11	0.00	0.11	3	0.98	0.98	1.98	79.47		0	0	11	12	0	37.19	102.86	0.8	0.5	5	0.1	2.5	2.5	0.9	0.99	0.5	0.1	0.9	15	-9	0.12	79.5	0.965	1	0	1	1	1	0	0	0
20210311	050000	1112	0.00	0.11	0.00	0.11	3	0.98	0.98	1.97	33.59		0	0	11	12	0	37.19	102.86	0.8	0.5	5	0.1	2.5	2.5	0.9	0.99	0.5	0.1	0.9	15	-9	0.12	79.5	0.965	1	0	1	1	1	0	0	0
20210311	050100	1112	0.00	0.11	0.00	0.11	3	0.97	0.97	1.97	60.32		0	0	11	12	0	37.19	102.86	0.8	0.5	5	0.1	2.5	2.5	0.9	0.99	0.5	0.1	0.9	15	-9	0.12	79.5	0.965	1	0	1	1	1	0	0	0
20210311	050200	1112	0.00	0.11	0.00	0.11	3	0.97	0.97	1.97	16.76		0	0	11	12	0	37.19	102.86	0.8	0.5	5	0.1	2.5	2.5	0.9	0.99	0.5	0.1	0.9	15	-9	0.12	79.5	0.965	1	0	1	1	1	0	0	0
20210311	050300	1112	0.00	0.11	0.00	0.11	3	0.97	0.96	1.97	55.91		0	0	11	12	0	37.19	102.86	0.8	0.5	5	0.1	2.5	2.5	0.9	0.99	0.5	0.1	0.9	15	-9	0.12	79.5	0.965	1	0	1	1	1	0	0	0
20210311	050400	1112	0.00	0.11	0.00	0.11	3	0.97	0.96	1.97	11.68		0	0	11	12	0	37.19	102.86	0.8	0.5	5	0.1	2.5	2.5	0.9	0.99	0.5	0.1	0.9	15	-9	0.12	79.5	0.965	1	0	1	1	1	0	0	0
20210311	050500	1112	0.00	0.11	0.00	0.11	3	0.98	0.96	1.97	11.62		0	0	11	12	0	37.19	102.86	0.8	0.5	5	0.1	2.5	2.5	0.9	0.99	0.5	0.1	0.9	15	-9	0.12	79.5	0.965	1	0	1	1	1	0	0	0
20210311	050600	1112	0.00	0.11	0.00	0.11	3	0.98	0.98	1.97	13.90		0	0	11	12	0	37.19	102.86	0.8	0.5	5	0.1	2.5	2.5	0.9	0.99	0.5	0.1	0.9	15	-9	0.12	79.5	0.965	1	0	1	1	1	0	0	0
20210311	050700	1112	0.00	0.11	0.00	0.11	3	0.98	0.98	1.97	67.40		0	0	11	12	0	37.19	102.86	0.8	0.5	5	0.1	2.5	2.5	0.9	0.99	0.5	0.1	0.9	15	-9	0.12	79.5	0.965	1	0	1	1	1	0	0	0
20210311	050800	1112	0.00	0.11	0.00	0.11	3	0.98	0.96	1.97	28.50		0	0	11	12	0	37.19	102.86	0.8	0.5	5	0.1	2.5	2.5	0.9	0.99	0.5	0.1	0.9	15	-9	0.12	79.5	0.965	1	0	1	1	1	0	0	0
20210311	050900	1112	0.00	0.11	0.00	0.11	3	0.98	0.98	1.97	144.52		0	0	11	12	0	37.19	102.86	0.8	0.5	5	0.1	2.5	2.5	0.9	0.99	0.5	0.1	0.9	15	-9	0.12	79.5	0.965	1	0	1	1	1	0	0	0
20210311	051000	1112	0.00	0.11	0.00	0.11	3	0.98	0.98	1.97	44.45		0	0	11	12	0	37.19	102.86	0.8	0.5	5	0.1	2.5	2.5	0.9	0.99	0.5	0.1	0.9	15	-9	0.12	79.5	0.965	1	0	1	1	1	0	0	0
20210311	051100	1112	0.00	0.11	0.00	0.11	3	0.98	0.97	1.97	63.34		0	0	11	12	0	37.19	102.86	0.8	0.5	5	0.1	2.5	2.5	0.9	0.99	0.5	0.1	0.9	15	-9	0.12	79.5	0.965	1	0	1	1	1	0	0	0
20210311	051200	1112	0.00	0.11	0.00	0.11	3	0.98	0.96	1.97	54.73		0	0	11	12	0	37.19	102.86	0.8	0.5	5	0.1	2.5	2.5	0.9	0.99	0.5	0.1	0.9	15	-9	0.12	79.5	0.965	1	0	1	1	1	0	0	0
20210311	051300	1112	0.00	0.11	0.00	0.11	3	0.98	0.98	1.97	69.10		0	0	11	12	0	37.19	102.86	0.8	0.5	5	0.1	2.5	2.5	0.9	0.99	0.5	0.1	0.9	15	-9	0.12	79.5	0.965	1	0	1	1	1	0	0	0
20210311	051400	1112	0.00	0.12	0.00	0.12	3	0.98	0.98	1.96	14.91		0	0	11	12	0	37.19	102.86	0.8	0.5	5	0.1	2.5	2.5	0.9	0.99	0.5	0.1	0.9	15	-9	0.12	79.5	0.965	1	0	1	1	1	0	0	0
20210311	051500	1112	0.00	0.11	0.00	0.11	3	0.98	0.98	1.96	83.55		0	0	11	12	0	37.19	102.86	0.8	0.5	5	0.1	2.5	2.5	0.9	0.99	0.5	0.1	0.9	15	-9	0.12	79.5	0.965	1	0	1	1	1	0	0	0
20210311	051600	1112	0.00	0.11	0.00	0.11	3	0.98	0.96	1.96	26.82		0	0	11	12	0	37.19	102.86	0.8	0.5	5	0.1	2.5	2.5	0.9	0.99	0.5	0.1	0.9	15	-9	0.12	79.5	0.965	1	0	1	1	1	0	0	0
20210311	051700	1112	0.00	0.12	0.00	0.12	3	0.98	0.96	1.96	29.02		0	0	11	12	0	37.19	102.86	0.8	0.5	5	0.1	2.5	2.5	0.9	0.99	0.5	0.1	0.9	15	-9	0.12	79.5	0.965	1	0	1	1	1	0	0	0
20210311	051800	1112	0.00	0.12	0.00	0.12	3	0.98	0.98	1.97	613.18		0	0	11	12	0	37.19	102.86	0.8	0.5	5	0.1	2.5	2.5	0.9	0.99	0.5	0.1	0.9	15	-9	0.12	79.5	0.965	1	0	1	1	1	0	0	0
20210311	051900	1112	0.00	0.12	0.00	0.12	3	0.98	0.96	1.96	31.17		0	0	11	12	0	37.19	102.86	0.8	0.5	5	0.1	2.5	2.5	0.9	0.99	0.5	0.1	0.9	15	-9	0.12	79.5	0.965	1	0	1	1	1	0	0	0
20210311	052000	1112	0.00	0.12	0.00	0.12	3	0.98	0.96	1.96	83.48		0	0	11	12	0	37.19	102.86	0.8	0.5	5	0.1	2.5	2.5	0.9	0.99	0.5	0.1	0.9	15	-9	0.12	79.5	0.965	1	0	1	1	1	0	0	0
20210311	052100	1112	0.00	0.12	0.00	0.12	3	0.98	0.97	1.96	399.86		0	0	11	12	0	37.19	102.86	0.8	0.5	5	0.1	2.5	2.5	0.9	0.99	0.5	0.1	0.9	15	-9	0.12	79.5	0.965	1	0	1	1	1	0	0	0
20210311	052200	1112	0.00	0.12	0.00	0.12	3	0.98	0.96	1.96	109.55		0	0	11	12	0	37.19	102.86	0.8	0.5	5	0.1	2.5	2.5	0.9	0.99	0.5	0.1	0.9	15	-9	0.12	79.5	0.965	1	0	1	1	1	0	0	0
20210311	052300	1112	0.00	0.12	0.00	0.12	3	0.98	0.96	1.96	12.14		0	0	11	12	0	37.19	102.86	0.8	0.5	5	0.1	2.5	2.5	0.9	0.99	0.5	0.1	0.9	15	-9	0.12	79.5	0.965	1	0	1	1	1	0	0	0
20210311	052400	1112	0.00	0.12	0.00	0.12	3	0.98	0.96	1.96	82.97		0	0	11	12	0	37.19	102.86	0.8	0.5	5	0.1	2.5	2.5	0.9	0.99	0.5	0.1	0.9	15	-9	0.12	79.5	0.965	1	0	1	1	1	0	0	0
20210311	052500	1112	0.00	0.12	0.00	0.12	3	0.98	0.96	1.96	9.25		0	0	11	12	0	37.19	102.86	0.8	0.5	5	0.1	2.5	2.5	0.9	0.99	0.5	0.1	0.9	15	-9	0.12	79.5	0.965	1	0	1	1	1	0	0	0
20210311	052600	1112	0.00	0.13	0.00	0.13	3	0.98	0.99	1.96	22.81		0	0	11	12	0	37.19	102.86	0.8	0.5	5	0.1	2.5	2.5	0.9	0.99	0.5	0.1	0.9	15	-9	0.12	79.5	0.965	1	0	1	1	1	0	0	0
20210311	052700	1112	0.00	0.13	0.00	0.13	3	0.98	0.97	1.96	32.07		0	0	11	12	0	37.19	102.86	0.8	0.5	5	0.1	2.5	2.5	0.9	0.99	0.5	0.1	0.9	15	-9	0.12	79.5	0.965	1	0	1	1	1	0	0	0
20210311	052800	1112	0.00	0.13	0.00	0.13	3	0.98	0.96	1.96	74.81		0	0	11	12	0	37.19	102.86	0.8	0.5	5	0.1	2.5	2.5	0.9	0.99	0.5	0.1	0.9	15	-9	0.12	79.5	0.965	1	0	1	1	1	0	0	0
20210311	052900	1112	0.00	0.13	0.00	0.13	3	0.98	0.96	1.96	185.32		0	0	11	12	0	37.19	102.86	0.8	0.5	5	0.1	2.5	2.5	0.9	0.99	0.5	0.1	0.9	15	-9	0.12	79.5	0.965	1	0	1	1	1	0	0	0
20210311	053000	1112	0.00	0.13	0.00	0.13	3	0.98	0.98	1.96	9.41		0	0	11	12	0	37.19	102.86	0.8	0.5	5	0.1	2.5	2.5	0.9	0.99	0.5	0.1	0.9	15	-9	0.12	79.5	0.965	1	0	1	1	1	0	0	0
20210311	053100	1112	0.00	0.13	0.00	0.13	3	0.98	0.96	1.96	73.77		0	0	11	12	0	37.19	102.86	0.8	0.5	5	0.1	2.5	2.5	0.9	0.99	0.5	0.1	0.9	15	-9	0.12	79.5	0.965	1	0	1	1	1	0	0	0
20210311	053200	1112	0.00	0.13	0.00	0.13	3	0.98	0.97	1.96	63.07		0	0	11	12	0	37.19	102.86	0.8	0.5	5	0.1	2.5	2.5	0.9	0.99	0.5	0.1	0.9	15	-9	0.12	79.5	0.965	1	0	1	1	1	0	0	0
20210311	053300	1112	0.00	0.13	0.00	0.13	3	0.98	0.97	1.96	71.60		0	0	11	12	0	37.19	102.86	0.8	0.5	5	0.1	2.5	2.5	0.9	0.99	0.5	0.1	0.9	15	-9	0.12	79.5	0.965	1	0	1	1	1	0	0	0
20210311	053400	1112	0.00	0.13	0.00	0.13	3	0.98	0.96	1.96	626.24		0	0	11	12	0	37.19	102.86	0.8	0.5	5	0.1	2.5	2.5	0.9	0.99	0.5	0.1	0.9	15	-9	0.12	79.5	0.965	1	0	1	1	1	0	0	0
20210311	053500	1112	0.00	0.13	0.00	0.13	3	0.98	0.98	1.96	72.74		0	0	11	12	0	37.19	102.86	0.8	0.5	5	0.1	2.5	2.5	0.9	0.99	0.5	0.1	0.9	15	-9	0.12	79.5	0.965	1	0	1	1	1	0	0	0
20210311	053600	1112	0.00	0.13	0.00	0.13	3	0.98	0.98	1.96	20.45		0	0	11	12	0	37.19	102.86	0.8	0.5	5	0.1	2.5	2.5	0.9	0.99	0.5	0.1	0.9	15	-9	0.12	79.5	0.965	1	0	1	1	1	0	0	0
20210311	053700	1112	0.00	0.13	0.00	0.13	3	0.98	0.98	1.96	76.52		0	0	11	12	0	37.19	102.86	0.8	0.5	5	0.1	2.5	2.5	0.9	0.99	0.5	0.1	0.9	15	-9	0.12	79.5	0.965	1	0	1	1	1	0	0	0
20210311	053800	1112	0.00	0.13	0.00	0.13	3	0.98	0.98	1.96	100.22		0	0	11	12	0	37.19	102.86	0.8	0.5	5	0.1	2.5	2.5	0.9	0.99	0.5	0.1	0.9	15	-9	0.12	79.5	0.965	1	0	1	1	1	0	0	0
20210311	053900	1112	0.00	0.14	0.00	0.14	3	0.98	0.98	1.96	9.48		0	0	11	12	0	37.19	102.86	0.8	0.5	5	0.1	2.5	2.5	0.9	0.99	0.5	0.1	0.9	15	-9	0.12	79.5	0.965	1	0	1	1	1	0	0	0
20210311	054000	1112	0.00	0.14	0.00	0.14	3	0.98	0.97	1.96	21.80		0	0	11	12	0	37.19	102.86	0.8	0.5	5	0.1	2.5	2.5	0.9	0.99	0.5	0.1	0.9	15	-9	0.12	79.5	0.965	1	0	1	1	1	0	0	0
20210311	054100	1112	0.00	0.14	0.00	0.14	3	0.98	0.97	1.95	65.30		0	0	11	12	0	37.19	102.86	0.8	0.5	5	0.1	2.5	2.5	0.9	0.99	0.5	0.1	0.9	15	-9	0.12	79.5	0.965	1	0	1	1	1	0	0	0
20210311	054200	1112	0.00	0.14	0.00	0.14	3	0.98	0.96	1.95	75.39		0	0	11	12	0	37.19	102.86	0.8	0.5	5	0.1	2.5	2.5	0.9	0.99	0.5	0.1	0.9	15	-9	0.12	79.5	0.965	1	0	1	1	1	0	0	0
20210311	054300	1112	0.00	0.14	0.00	0.14	3	0.98	0.98	1.95	32.34		0	0	11	12	0	37.19	102.86	0.8	0.5	5	0.1	2.5	2.5	0.9	0.99	0.5	0.1	0.9	15	-9	0.12	79.5	0.965	1	0	1	1	1	0	0	0
20210311	054400	1112	0.00	0.14	0.00	0.14	3	0.98	0.98	1.95	17.82		0	0	11	12	0	37.19	102.86	0.8	0.5	5	0.1	2.5	2.5	0.9	0.99	0.5	0.1	0.9	15	-9	0.12	79.5	0.965	1	0	1	1	1	0	0	0
20210311	054500	1112	0.00	0.14	0.00	0.14	3	0.98	0.98	1.95	34.60		0	0	11	12	0	37.19	102.86	0.8	0.5	5	0.1	2.5	2.5	0.9	0.99	0.5	0.1	0.9	15	-9	0.12	79.5	0.965	1	0	1	1	1	0	0	0
20210311	054600	1112	0.00	0.14	0.00	0.14	3	0.98	0.96	1.95	167.90		0	0	11	12	0	37.19	102.86	0.8	0.5	5	0.1	2.5	2.5	0.9	0.99	0.5	0.1	0.9	15	-9	0.12	79.5	0.965	1	0	1	1	1	0	0	0
20210311	054700	1112	0.00	0.14	0.00	0.14	3	0.98	0.96	1.95	12.95		0	0	11	12	0	37.19	102.86	0.8	0.5	5	0.1	2.5	2.5	0.9	0.99	0.5	0.1	0.9	15	-9	0.12	79.5	0.965	1	0	1	1	1	0	0	0
20210311	054800	1112	0.00	0.14	0.00	0.14	3	0.97	0.96	1.96	91.82		0	0	11	12	0	37.19	102.86	0.8	0.5	5	0.1	2.5	2.5	0.9	0.99	0.5	0.1	0.9	15	-9	0.12	79.5	0.965	1	0	1	1	1	0	0	0
20210311	054900	1112	0.00	0.14	0.00	0.14	3	0.97	0.96	1.96	421.52		0	0	11	12	0	37.19	102.86	0.8	0.5	5	0.1	2.5	2.5	0.9	0.99	0.5	0.1	0.9	15	-9	0.12	79.5	0.965	1	0	1	1	1	0	0	0
20210311	055000	1112	0.00	0.14	0.00	0.14	3	0.98	0.98	1.96	106.74		0	0	11	12	0	37.19	102.86	0.8	0.5	5	0.1	2.5	2.5	0.9	0.99	0.5	0.1	0.9	15	-9	0.12	79.5	0.965	1	0	1	1	1	0	0	0
20210311	055100	1112	0.00	0.15	0.00	0.15	3	0.98	0.97	1.95	62.96		0	0	11	12	0	37.19	102.86	0.8	0.5	5	0.1	2.5	2.5	0.9	0.99	0.5	0.1	0.9	15	-9	0.12	79.5	0.965	1	0	1	1	1	0	0	0
20210311	055200	1112	0.00	0.15	0.00	0.15	3	0.98	0.96	1.95	166.49		0	0	11	12	0	37.19	102.86	0.8	0.5	5	0.1	2.5	2.5	0.9	0.99	0.5	0.1	0.9	15	-9	0.12	79.5	0.965	1	0	1	1	1	0	0	0
20210311	055300	1112	0.00	0.15	0.00	0.15	3	0.97	0.96	1.96	54.10		0	0	11	12	0	37.19	102.86	0.8	0.5	5	0.1	2.5	2.5	0.9	0.99	0.5	0.1	0.9	15	-9	0.12	79.5	0.965	1	0	1	1	1	0	0	0
20210311	055400	1112	0.00	0.15	0.00	0.15	3	0.97	0.98	1.96	64.32		0	0	11	12	0	37.19	102.86	0.8	0.5	5	0.1	2.5	2.5	0.9	0.99	0.5	0.1	0.9	15	-9	0.12	79.5	0.965	1	0	1	1	1	0	0	0
20210311	055500	1112	0.00	0.15	0.00	0.15	3	0.97	0.96	1.96	31.04		0	0	11	12	0	37.19	102.86	0.8	0.5	5	0.1	2.5	2.5	0.9	0.99	0.5	0.1	0.9	15	-9	0.12	79.5	0.965	1	0	1	1	1	0	0	0
20210311	055600	1112	0.00	0.15	0.00	0.15	3	0.97	0.96	1.96	375.17		0	0	11	12	0	37.19	102.86	0.8	0.5	5	0.1	2.5	2.5	0.9	0.99	0.5	0.1	0.9	15	-9	0.12	79.5	0.965	1	0	1	1	1	0	0	0
20210311	055700	1112	0.00	0.15	0.00	0.15	3	0.98	0.97	1.96	224.50		0	0	11	12	0	37.19	102.86	0.8	0.5	5	0.1	2.5	2.5	0.9	0.99	0.5	0.1	0.9	15	-9	0.12	79.5	0.965	1	0	1	1	1	0	0	0
20210311	055800	1112	0.00	0.15	0.00	0.15	3	0.97	0.97	1.96	160.78		0	0	11	12	0	37.19	102.86	0.8	0.5	5	0.1	2.5	2.5	0.9	0.99	0.5	0.1	0.9	15	-9	0.12	79.5	0.965	1	0	1	1	1	0	0	0
20210311	055900	1112	0.00	0.15	0.00	0.15	3	0.98	0.96	1.96	101.54		0	0	11	12	0	37.19	102.86	0.8	0.5	5	0.1	2.5	2.5	0.9	0.99	0.5	0.1	0.9	15	-9	0.12	79.5	0.965	1	0	1	1	1	0	0	0
20210311	060000	1112	0.00	0.15	0.00	0.15	3	0.98	0.96	1.95	16.57		0	0	11	12	0	37.19	102.86	0.8	0.5	5	0.1	2.5	2.5	0.9	0.99	0.5	0.1	0.9	15	-9	0.12	79.5	0.965	1	0	1	1	1	0	0	0
20210311	060100	1112	0.00	0.15	0.00	0.15	3	0.98	0.96	1.95	23.48		0	0	11	12	0	37.19	102.86	0.8	0.5	5	0.1	2.5	2.5	0.9	0.99	0.5	0.1	0.9	15	-9	0.12	79.5	0.965	1	0	1	1	1	0	0	0
20210311	060200	1112	0.00	0.15	0.00	0.15	3	0.98	0.96	1.95	65.45		0	0	11	12	0	37.19	102.86	0.8	0.5	5	0.1	2.5	2.5	0.9	0.99	0.5	0.1	0.9	15	-9	0.12	79.5	0.965	1	0	1	1	1	0	0	0
20210311	060300	1112	0.00	0.15	0.00	0.15	3	0.98	0.96	1.95	123.95		0	0	11	12	0	37.19	102.86	0.8	0.5	5	0.1	2.5	2.5	0.9	0.99	0.5	0.1	0.9	15	-9	0.12	79.5	0.965	1	0	1	1	1	0	0	0
20210311	060400	1112	0.00	0.15	0.00	0.15	3	0.98	0.98	1.95	2862.99		0	0	11	12	0	37.19	102.86	0.8	0.5	5	0.1	2.5	2.5	0.9	0.99	0.5	0.1	0.9	15	-9	0.12	79.5	0.965	1	0	1	1	1	0	0	0
20210311	060500	1112	0.00	0.15	0.00	0.15	3	0.98	0.96	1.94	33.06		0	0	11	12	0	37.19	102.86	0.8	0.5	5	0.1	2.5	2.5	0.9	0.99	0.5	0.1	0.9	15	-9	0.12	79.5	0.965	1	0	1	1	1	0	0	0
20210311	060600	1112	0.00	0.15	0.00	0.15	3	0.98	0.98	1.95	887.88		0	0	11	12	0	37.19	102.86	0.8	0.5	5	0.1	2.5	2.5	0.9	0.99	0.5	0.1	0.9	15	-9	0.12	79.5	0.965	1	0	1	1	1	0	0	0
20210311	060700	1112	0.00	0.15	0.00	0.15	3	0.98	0.98	344231000.00	1180680000000000.00		0	0	11	12	0	37.19	102.86	0.8	0.5	5	0.1	2.5	2.5	0.9	0.99	0.5	0.1	0.9	15	-9	0.12	79.5	0.965	1	0	1	1	1	0	0	0
20210311	060800	1112	0.00	0.15	0.00	0.15	3	0.98	0.97	1.94	499.26		0	0	11	12	0	37.19	102.86	0.8	0.5	5	0.1	2.5	2.5	0.9	0.99	0.5	0.1	0.9	15	-9	0.12	79.5	0.965	1	0	1	1	1	0	0	0
20210311	060900	1112	0.00	0.16	0.00	0.16	3	0.98	0.98	1.94	16.13		0	0	11	12	0	37.19	102.86	0.8	0.5	5	0.1	2.5	2.5	0.9	0.99	0.5	0.1	0.9	15	-9	0.12	79.5	0.965	1	0	1	1	1	0	0	0
20210311	061000	1112	0.00	0.16	0.00	0.16	3	0.98	0.97	1.94	431.41		0	0	11	12	0	37.19	102.86	0.8	0.5	5	0.1	2.5	2.5	0.9	0.99	0.5	0.1	0.9	15	-9	0.12	79.5	0.965	1	0	1	1	1	0	0	0
20210311	061100	1112	0.00	0.16	0.00	0.16	3	0.98	0.96	1.94	14.24		0	0	11	12	0	37.19	102.86	0.8	0.5	5	0.1	2.5	2.5	0.9	0.99	0.5	0.1	0.9	15	-9	0.12	79.5	0.965	1	0	1	1	1	0	0	0
20210311	061200	1112	0.00	0.16	0.00	0.16	3	0.98	0.99	785207000.00	1346590000000000.00		0	0	11	12	0	37.19	102.86	0.8	0.5	5	0.1	2.5	2.5	0.9	0.99	0.5	0.1	0.9	15	-9	0.12	79.5	0.965	1	0	1	1	1	0	0	0
20210311	061300	1112	0.00	0.16	0.00	0.16	3	0.98	0.96	1.94	294.86		0	0	11	12	0	37.19	102.86	0.8	0.5	5	0.1	2.5	2.5	0.9	0.99	0.5	0.1	0.9	15	-9	0.12	79.5	0.965	1	0	1	1	1	0	0	0
20210311	061400	1112	0.00	0.16	0.00	0.16	3	0.98	0.96	1.94	103.20		0	0	11	12	0	37.19	102.86	0.8	0.5	5	0.1	2.5	2.5	0.9	0.99	0.5	0.1	0.9	15	-9	0.12	79.5	0.965	1	0	1	1	1	0	0	0
20210311	061500	1112	0.00	0.16	0.00	0.16	3	0.98	0.97	1.94	237.91		0	0	11	12	0	37.19	102.86	0.8	0.5	5	0.1	2.5	2.5	0.9	0.99	0.5	0.1	0.9	15	-9	0.12	79.5	0.965	1	0	1	1	1	0	0	0
20210311	061600	1112	0.00	0.17	0.00	0.17	3	0.98	0.98	1.94	1362.83		0	0	11	12	0	37.19	102.86	0.8	0.5	5	0.1	2.5	2.5	0.9	0.99	0.5	0.1	0.9	15	-9	0.12	79.5	0.965	1	0	1	1	1	0	0	0
20210311	061700	1112	0.00	0.17	0.00	0.17	3	0.98	0.96	1.93	71.50		0	0	11	12	0	37.19	102.86	0.8	0.5	5	0.1	2.5	2.5	0.9	0.99	0.5	0.1	0.9	15	-9	0.12	79.5	0.965	1	0	1	1	1	0	0	0
20210311	061800	1112	0.00	0.17	0.00	0.17	3	0.98	0.96	1.93	18.29		0	0	11	12	0	37.19	102.86	0.8	0.5	5	0.1	2.5	2.5	0.9	0.99	0.5	0.1	0.9	15	-9	0.12	79.5	0.965	1	0	1	1	1	0	0	0
20210311	061900	1112	0.00	0.17	0.00	0.17	3	0.98	0.96	1.93	12.90		0	0	11	12	0	37.19	102.86	0.8	0.5	5	0.1	2.5	2.5	0.9	0.99	0.5	0.1	0.9	15	-9	0.12	79.5	0.965	1	0	1	1	1	0	0	0
20210311	062000	1112	0.00	0.17	0.00	0.17	3	0.98	0.96	1.94	579.16		0	0	11	12	0	37.19	102.86	0.8	0.5	5	0.1	2.5	2.5	0.9	0.99	0.5	0.1	0.9	15	-9	0.12	79.5	0.965	1	0	1	1	1	0	0	0
20210311	062100	1112	0.00	0.16	0.00	0.16	3	0.98	0.95	1.94	199.52		0	0	11	12	0	37.19	102.86	0.8	0.5	5	0.1	2.5	2.5	0.9	0.99	0.5	0.1	0.9	15	-9	0.12	79.5	0.965	1	0	1	1	1	0	0	0
20210311	062200	1112	0.00	0.16	0.00	0.16	3	0.98	0.98	1.94	863.59		0	0	11	12	0	37.19	102.86	0.8	0.5	5	0.1	2.5	2.5	0.9	0.99	0.5	0.1	0.9	15	-9	0.12	79.5	0.965	1	0	1	1	1	0	0	0
20210311	062300	1112	0.00	0.16	0.00	0.16	3	0.98	0.97	1.93	54.40		0	0	11	12	0	37.19	102.86	0.8	0.5	5	0.1	2.5	2.5	0.9	0.99	0.5	0.1	0.9	15	-9	0.12	79.5	0.965	1	0	1	1	1	0	0	0
20210311	062400	1112	0.00	0.16	0.00	0.16	3	0.98	0.97	1.94	747.87		0	0	11	12	0	37.19	102.86	0.8	0.5	5	0.1	2.5	2.5	0.9	0.99	0.5	0.1	0.9	15	-9	0.12	79.5	0.965	1	0	1	1	1	0	0	0
20210311	062500	1112	0.00	0.16	0.00	0.16	3	0.98	0.96	1.93	30.57		0	0	11	12	0	37.19	102.86	0.8	0.5	5	0.1	2.5	2.5	0.9	0.99	0.5	0.1	0.9	15	-9	0.12	79.5	0.965	1	0	1	1	1	0	0	0
20210311	062600	1112	0.00	0.16	0.00	0.16	3	0.98	0.98	1.94	573.20		0	0	11	12	0	37.19	102.86	0.8	0.5	5	0.1	2.5	2.5	0.9	0.99	0.5	0.1	0.9	15	-9	0.12	79.5	0.965	1	0	1	1	1	0	0	0
20210311	062700	1112	0.00	0.16	0.00	0.16	3	0.98	0.96	1.96	9694.93		0	0	11	12	0	37.19	102.86	0.8	0.5	5	0.1	2.5	2.5	0.9	0.99	0.5	0.1	0.9	15	-9	0.12	79.5	0.965	1	0	1	1	1	0	0	0
20210311	062800	1112	0.00	0.16	0.00	0.16	3	0.98	0.97	3939730000.00	1501430000000000.00		0	0	11	12	0	37.19	102.86	0.8	0.5	5	0.1	2.5	2.5	0.9	0.99	0.5	0.1	0.9	15	-9	0.12	79.5	0.965	1	0	1	1	1	0	0	0
20210311	062900	1112	0.00	0.16	0.00	0.16	3	0.98	0.97	1.94	90.38		0	0	11	12	0	37.19	102.86	0.8	0.5	5	0.1	2.5	2.5	0.9	0.99	0.5	0.1	0.9	15	-9	0.12	79.5	0.965	1	0	1	1	1	0	0	0
20210311	063000	1112	0.00	0.16	0.00	0.16	3	0.98	0.97	1.94	44.01		0	0	11	12	0	37.19	102.86	0.8	0.5	5	0.1	2.5	2.5	0.9	0.99	0.5	0.1	0.9	15	-9	0.12	79.5	0.965	1	0	1	1	1	0	0	0
20210311	063100	1112	0.00	0.16	0.00	0.16	3	0.98	0.97	1.94	339.36		0	0	11	12	0	37.19	102.86	0.8	0.5	5	0.1	2.5	2.5	0.9	0.99	0.5	0.1	0.9	15	-9	0.12	79.5	0.965	1	0	1	1	1	0	0	0
20210311	063200	1112	0.00	0.16	0.00	0.16	3	0.98	0.98	5403940000.00	1503990000000000.00		0	0	11	12	0	37.19	102.86	0.8	0.5	5	0.1	2.5	2.5	0.9	0.99	0.5	0.1	0.9	15	-9	0.12	79.5	0.965	1	0	1	1	1	0	0	0
20210311	063300	1112	0.00	0.17	0.00	0.17	3	0.97	0.96	3923160000.00	1495120000000000.00		0	0	11	12	0	37.19	102.86	0.8	0.5	5	0.1	2.5	2.5	0.9	0.99	0.5	0.1	0.9	15	-9	0.12	79.5	0.965	1	0	1	1	1	0	0	0
20210311	063400	1112	0.00	0.17	0.00	0.17	3	0.97	0.97	2028510000.00	1171420000000000.00		0	0	11	12	0	37.19	102.86	0.8	0.5	5	0.1	2.5	2.5	0.9	0.99	0.5	0.1	0.9	15	-9	0.12	79.5	0.965	1	0	1	1	1	0	0	0
20210311	063500	1112	0.00	0.17	0.00	0.17	3	0.98	0.96	1.94	79.94		0	0	11	12	0	37.19	102.86	0.8	0.5	5	0.1	2.5	2.5	0.9	0.99	0.5	0.1	0.9	15	-9	0.12	79.5	0.965	1	0	1	1	1	0	0	0
20210311	063600	1112	0.00	0.17	0.00	0.17	3	0.97	0.96	1.94	52.55		0	0	11	12	0	37.19	102.86	0.8	0.5	5	0.1	2.5	2.5	0.9	0.99	0.5	0.1	0.9	15	-9	0.12	79.5	0.965	1	0	1	1	1	0	0	0
20210311	063700	1112	0.00	0.17	0.00	0.17	3	0.98	0.98	1.94	79.12		0	0	11	12	0	37.19	102.86	0.8	0.5	5	0.1	2.5	2.5	0.9	0.99	0.5	0.1	0.9	15	-9	0.12	79.5	0.965	1	0	1	1	1	0	0	0
20210311	063800	1112	0.00	0.17	0.00	0.17	3	0.99	0.96	1.93	317.06		0	0	11	12	0	37.19	102.86	0.8	0.5	5	0.1	2.5	2.5	0.9	0.99	0.5	0.1	0.9	15	-9	0.12	79.5	0.965	1	0	1	1	1	0	0	0
20210311	063900	1112	0.00	0.17	0.00	0.17	3	0.98	0.96	1.93	89.08		0	0	11	12	0	37.19	102.86	0.8	0.5	5	0.1	2.5	2.5	0.9	0.99	0.5	0.1	0.9	15	-9	0.12	79.5	0.965	1	0	1	1	1	0	0	0
20210311	064000	1112	0.00	0.17	0.00	0.17	3	0.98	0.96	1.93	550.00		0	0	11	12	0	37.19	102.86	0.8	0.5	5	0.1	2.5	2.5	0.9	0.99	0.5	0.1	0.9	15	-9	0.12	79.5	0.965	1	0	1	1	1	0	0	0
20210311	064100	1112	0.00	0.17	0.00	0.17	3	0.98	0.98	1.93	62.45		0	0	11	12	0	37.19	102.86	0.8	0.5	5	0.1	2.5	2.5	0.9	0.99	0.5	0.1	0.9	15	-9	0.12	79.5	0.965	1	0	1	1	1	0	0	0
