%[yyyymmdd]	[HHMMSS]	 Relative Cloudiness
%date	time	Ext	BRBG	CDOC	thick	thin	sun	hcf	BRmin	BRmid	Brmax	center_x	center_y	ext_ne	ext_ue	imagesize	latitude	longitude	level_brightpix	level_circle_ratio	level_bright_ratio	level_clear_sky	level_ne	level_ue	level_object_ratio	level_sunpix	level_thick_clouds	level_thin_clouds	level_mask_csi	o_min_size	offset_Angle	rad_sunmask	zenith_angle	rad_zero	use_horizon	use_sunmask	use_sunpix	use_brg	use_cdoc	write_sunpix	merge_sunmask	use_underexposed
20201110	000000	1112	0.05	0.22	0.01	0.21	8	0.99	0.90	9036700000.00	1398510000000000.00		0	0	11	12	0	37.19	102.86	0.8	0.5	5	0.1	2.5	2.5	0.9	0.99	0.5	0.1	0.9	15	-9	0.12	79.5	0.965	1	0	1	1	1	0	0	0
20201110	000100	1112	0.05	0.21	0.01	0.20	8	0.99	0.92	9148840000.00	1390810000000000.00		0	0	11	12	0	37.19	102.86	0.8	0.5	5	0.1	2.5	2.5	0.9	0.99	0.5	0.1	0.9	15	-9	0.12	79.5	0.965	1	0	1	1	1	0	0	0
20201110	000200	1112	0.05	0.19	0.00	0.19	8	0.99	0.91	11946200000.00	1388000000000000.00		0	0	11	12	0	37.19	102.86	0.8	0.5	5	0.1	2.5	2.5	0.9	0.99	0.5	0.1	0.9	15	-9	0.12	79.5	0.965	1	0	1	1	1	0	0	0
20201110	000300	1112	0.04	0.20	0.01	0.19	8	0.98	0.92	16670900000.00	1602820000000000.00		0	0	11	12	0	37.19	102.86	0.8	0.5	5	0.1	2.5	2.5	0.9	0.99	0.5	0.1	0.9	15	-9	0.12	79.5	0.965	1	0	1	1	1	0	0	0
20201110	000400	1112	0.04	0.19	0.01	0.18	8	0.98	0.96	18529600000.00	1592630000000000.00		0	0	11	12	0	37.19	102.86	0.8	0.5	5	0.1	2.5	2.5	0.9	0.99	0.5	0.1	0.9	15	-9	0.12	79.5	0.965	1	0	1	1	1	0	0	0
20201110	000500	1112	0.04	0.18	0.01	0.17	8	0.97	0.93	14243200000.00	1547300000000000.00		0	0	11	12	0	37.19	102.86	0.8	0.5	5	0.1	2.5	2.5	0.9	0.99	0.5	0.1	0.9	15	-9	0.12	79.5	0.965	1	0	1	1	1	0	0	0
20201110	000600	1112	0.04	0.16	0.01	0.15	8	0.96	0.83	11200300000.00	1540110000000000.00		0	0	11	12	0	37.19	102.86	0.8	0.5	5	0.1	2.5	2.5	0.9	0.99	0.5	0.1	0.9	15	-9	0.12	79.5	0.965	1	0	1	1	1	0	0	0
20201110	000700	1112	0.04	0.15	0.01	0.14	8	0.95	0.84	6192850000.00	1564980000000000.00		0	0	11	12	0	37.19	102.86	0.8	0.5	5	0.1	2.5	2.5	0.9	0.99	0.5	0.1	0.9	15	-9	0.12	79.5	0.965	1	0	1	1	1	0	0	0
20201110	000800	1112	0.04	0.15	0.01	0.14	8	0.95	0.87	15894200000.00	1640130000000000.00		0	0	11	12	0	37.19	102.86	0.8	0.5	5	0.1	2.5	2.5	0.9	0.99	0.5	0.1	0.9	15	-9	0.12	79.5	0.965	1	0	1	1	1	0	0	0
20201110	000900	1112	0.04	0.13	0.00	0.13	8	0.95	0.91	5530760000.00	1520570000000000.00		0	0	11	12	0	37.19	102.86	0.8	0.5	5	0.1	2.5	2.5	0.9	0.99	0.5	0.1	0.9	15	-9	0.12	79.5	0.965	1	0	1	1	1	0	0	0
20201110	001000	1112	-2	-2	-2	-2	9	-2.00	1.00	7986800000.00	1558260000000000.00		0	0	11	12	0	37.19	102.86	0.8	0.5	5	0.1	2.5	2.5	0.9	0.99	0.5	0.1	0.9	15	-9	0.12	79.5	0.965	1	0	1	1	1	0	0	0
20201110	001100	1112	-2	-2	-2	-2	9	-2.00	1.00	10278600000.00	1637920000000000.00		0	0	11	12	0	37.19	102.86	0.8	0.5	5	0.1	2.5	2.5	0.9	0.99	0.5	0.1	0.9	15	-9	0.12	79.5	0.965	1	0	1	1	1	0	0	0
20201110	001200	1112	-2	-2	-2	-2	9	-2.00	1.00	6916800000.00	1668160000000000.00		0	0	11	12	0	37.19	102.86	0.8	0.5	5	0.1	2.5	2.5	0.9	0.99	0.5	0.1	0.9	15	-9	0.12	79.5	0.965	1	0	1	1	1	0	0	0
20201110	001300	1112	0.03	0.11	0.00	0.11	8	0.94	1.00	6009110000.00	1624300000000000.00		0	0	11	12	0	37.19	102.86	0.8	0.5	5	0.1	2.5	2.5	0.9	0.99	0.5	0.1	0.9	15	-9	0.12	79.5	0.965	1	0	1	1	1	0	0	0
20201110	001400	1112	-2	-2	-2	-2	9	-2.00	1.00	4952050000.00	1624300000000000.00		0	0	11	12	0	37.19	102.86	0.8	0.5	5	0.1	2.5	2.5	0.9	0.99	0.5	0.1	0.9	15	-9	0.12	79.5	0.965	1	0	1	1	1	0	0	0
20201110	001500	1112	0.03	0.11	0.00	0.11	8	0.93	0.99	9717270000.00	1702870000000000.00		0	0	11	12	0	37.19	102.86	0.8	0.5	5	0.1	2.5	2.5	0.9	0.99	0.5	0.1	0.9	15	-9	0.12	79.5	0.965	1	0	1	1	1	0	0	0
20201110	001600	1112	0.03	0.10	0.00	0.10	8	0.92	0.97	9517140000.00	1828880000000000.00		0	0	11	12	0	37.19	102.86	0.8	0.5	5	0.1	2.5	2.5	0.9	0.99	0.5	0.1	0.9	15	-9	0.12	79.5	0.965	1	0	1	1	1	0	0	0
20201110	001700	1112	0.03	0.10	0.00	0.10	8	0.92	0.95	4986360000.00	1701890000000000.00		0	0	11	12	0	37.19	102.86	0.8	0.5	5	0.1	2.5	2.5	0.9	0.99	0.5	0.1	0.9	15	-9	0.12	79.5	0.965	1	0	1	1	1	0	0	0
20201110	001800	1112	0.03	0.10	0.00	0.10	8	0.92	0.98	4927420000.00	1669050000000000.00		0	0	11	12	0	37.19	102.86	0.8	0.5	5	0.1	2.5	2.5	0.9	0.99	0.5	0.1	0.9	15	-9	0.12	79.5	0.965	1	0	1	1	1	0	0	0
20201110	001900	1112	-2	-2	-2	-2	9	-2.00	1.00	9607360000.00	1702870000000000.00		0	0	11	12	0	37.19	102.86	0.8	0.5	5	0.1	2.5	2.5	0.9	0.99	0.5	0.1	0.9	15	-9	0.12	79.5	0.965	1	0	1	1	1	0	0	0
20201110	002000	1112	-2	-2	-2	-2	9	-2.00	1.00	9077840000.00	1708860000000000.00		0	0	11	12	0	37.19	102.86	0.8	0.5	5	0.1	2.5	2.5	0.9	0.99	0.5	0.1	0.9	15	-9	0.12	79.5	0.965	1	0	1	1	1	0	0	0
20201110	002100	1112	-2	-2	-2	-2	9	-2.00	1.00	10448500000.00	1733480000000000.00		0	0	11	12	0	37.19	102.86	0.8	0.5	5	0.1	2.5	2.5	0.9	0.99	0.5	0.1	0.9	15	-9	0.12	79.5	0.965	1	0	1	1	1	0	0	0
20201110	002200	1112	-2	-2	-2	-2	9	-2.00	1.00	8567670000.00	1733480000000000.00		0	0	11	12	0	37.19	102.86	0.8	0.5	5	0.1	2.5	2.5	0.9	0.99	0.5	0.1	0.9	15	-9	0.12	79.5	0.965	1	0	1	1	1	0	0	0
20201110	002300	1112	-2	-2	-2	-2	9	-2.00	1.00	9826130000.00	1733480000000000.00		0	0	11	12	0	37.19	102.86	0.8	0.5	5	0.1	2.5	2.5	0.9	0.99	0.5	0.1	0.9	15	-9	0.12	79.5	0.965	1	0	1	1	1	0	0	0
20201110	002400	1112	-2	-2	-2	-2	9	-2.00	1.00	11518200000.00	1738020000000000.00		0	0	11	12	0	37.19	102.86	0.8	0.5	5	0.1	2.5	2.5	0.9	0.99	0.5	0.1	0.9	15	-9	0.12	79.5	0.965	1	0	1	1	1	0	0	0
20201110	002500	1112	-2	-2	-2	-2	9	-2.00	1.00	6856300000.00	1685470000000000.00		0	0	11	12	0	37.19	102.86	0.8	0.5	5	0.1	2.5	2.5	0.9	0.99	0.5	0.1	0.9	15	-9	0.12	79.5	0.965	1	0	1	1	1	0	0	0
20201110	002600	1112	-2	-2	-2	-2	9	-2.00	1.00	6264690000.00	1715530000000000.00		0	0	11	12	0	37.19	102.86	0.8	0.5	5	0.1	2.5	2.5	0.9	0.99	0.5	0.1	0.9	15	-9	0.12	79.5	0.965	1	0	1	1	1	0	0	0
20201110	002700	1112	-2	-2	-2	-2	9	-2.00	1.00	11550300000.00	1839930000000000.00		0	0	11	12	0	37.19	102.86	0.8	0.5	5	0.1	2.5	2.5	0.9	0.99	0.5	0.1	0.9	15	-9	0.12	79.5	0.965	1	0	1	1	1	0	0	0
20201110	002800	1112	-2	-2	-2	-2	9	-2.00	1.00	6551920000.00	1725100000000000.00		0	0	11	12	0	37.19	102.86	0.8	0.5	5	0.1	2.5	2.5	0.9	0.99	0.5	0.1	0.9	15	-9	0.12	79.5	0.965	1	0	1	1	1	0	0	0
20201110	002900	1112	-2	-2	-2	-2	9	-2.00	1.00	12990300000.00	1871160000000000.00		0	0	11	12	0	37.19	102.86	0.8	0.5	5	0.1	2.5	2.5	0.9	0.99	0.5	0.1	0.9	15	-9	0.12	79.5	0.965	1	0	1	1	1	0	0	0
20201110	003000	1112	-2	-2	-2	-2	9	-2.00	1.00	7041480000.00	1707170000000000.00		0	0	11	12	0	37.19	102.86	0.8	0.5	5	0.1	2.5	2.5	0.9	0.99	0.5	0.1	0.9	15	-9	0.12	79.5	0.965	1	0	1	1	1	0	0	0
20201110	003100	1112	0.02	0.08	0.00	0.08	8	0.90	0.98	14834400000.00	1924800000000000.00		0	0	11	12	0	37.19	102.86	0.8	0.5	5	0.1	2.5	2.5	0.9	0.99	0.5	0.1	0.9	15	-9	0.12	79.5	0.965	1	0	1	1	1	0	0	0
20201110	003200	1112	0.02	0.08	0.00	0.08	8	0.90	0.98	10089400000.00	1754810000000000.00		0	0	11	12	0	37.19	102.86	0.8	0.5	5	0.1	2.5	2.5	0.9	0.99	0.5	0.1	0.9	15	-9	0.12	79.5	0.965	1	0	1	1	1	0	0	0
20201110	003300	1112	0.02	0.07	0.00	0.07	8	0.90	1.00	11940900000.00	1871160000000000.00		0	0	11	12	0	37.19	102.86	0.8	0.5	5	0.1	2.5	2.5	0.9	0.99	0.5	0.1	0.9	15	-9	0.12	79.5	0.965	1	0	1	1	1	0	0	0
20201110	003400	1112	0.02	0.07	0.00	0.07	8	0.90	0.96	5613490000.00	1705950000000000.00		0	0	11	12	0	37.19	102.86	0.8	0.5	5	0.1	2.5	2.5	0.9	0.99	0.5	0.1	0.9	15	-9	0.12	79.5	0.965	1	0	1	1	1	0	0	0
20201110	003500	1112	0.02	0.07	0.00	0.07	8	0.89	0.97	6906890000.00	1799800000000000.00		0	0	11	12	0	37.19	102.86	0.8	0.5	5	0.1	2.5	2.5	0.9	0.99	0.5	0.1	0.9	15	-9	0.12	79.5	0.965	1	0	1	1	1	0	0	0
20201110	003600	1112	0.02	0.07	0.00	0.07	8	0.89	0.97	5564710000.00	1766100000000000.00		0	0	11	12	0	37.19	102.86	0.8	0.5	5	0.1	2.5	2.5	0.9	0.99	0.5	0.1	0.9	15	-9	0.12	79.5	0.965	1	0	1	1	1	0	0	0
20201110	003700	1112	0.02	0.07	0.00	0.07	8	0.89	0.97	14353800000.00	1927750000000000.00		0	0	11	12	0	37.19	102.86	0.8	0.5	5	0.1	2.5	2.5	0.9	0.99	0.5	0.1	0.9	15	-9	0.12	79.5	0.965	1	0	1	1	1	0	0	0
20201110	003800	1112	-2	-2	-2	-2	9	-2.00	1.00	14699600000.00	2015000000000000.00		0	0	11	12	0	37.19	102.86	0.8	0.5	5	0.1	2.5	2.5	0.9	0.99	0.5	0.1	0.9	15	-9	0.12	79.5	0.965	1	0	1	1	1	0	0	0
20201110	003900	1112	0.03	0.07	0.00	0.07	8	0.89	0.97	6216440000.00	2000570000000000.00		0	0	11	12	0	37.19	102.86	0.8	0.5	5	0.1	2.5	2.5	0.9	0.99	0.5	0.1	0.9	15	-9	0.12	79.5	0.965	1	0	1	1	1	0	0	0
20201110	004000	1112	0.03	0.07	0.00	0.07	8	0.89	0.95	16197500000.00	2012530000000000.00		0	0	11	12	0	37.19	102.86	0.8	0.5	5	0.1	2.5	2.5	0.9	0.99	0.5	0.1	0.9	15	-9	0.12	79.5	0.965	1	0	1	1	1	0	0	0
20201110	004100	1112	0.02	0.07	0.00	0.07	8	0.89	0.93	25375000000.00	1978950000000000.00		0	0	11	12	0	37.19	102.86	0.8	0.5	5	0.1	2.5	2.5	0.9	0.99	0.5	0.1	0.9	15	-9	0.12	79.5	0.965	1	0	1	1	1	0	0	0
20201110	004200	1112	0.02	0.07	0.00	0.07	8	0.89	0.98	7989030000.00	1883240000000000.00		0	0	11	12	0	37.19	102.86	0.8	0.5	5	0.1	2.5	2.5	0.9	0.99	0.5	0.1	0.9	15	-9	0.12	79.5	0.965	1	0	1	1	1	0	0	0
20201110	004300	1112	0.02	0.07	0.00	0.07	8	0.89	0.95	8074160000.00	1898190000000000.00		0	0	11	12	0	37.19	102.86	0.8	0.5	5	0.1	2.5	2.5	0.9	0.99	0.5	0.1	0.9	15	-9	0.12	79.5	0.965	1	0	1	1	1	0	0	0
20201110	004400	1112	0.02	0.07	0.00	0.07	8	0.89	0.98	13310500000.00	1972410000000000.00		0	0	11	12	0	37.19	102.86	0.8	0.5	5	0.1	2.5	2.5	0.9	0.99	0.5	0.1	0.9	15	-9	0.12	79.5	0.965	1	0	1	1	1	0	0	0
20201110	004500	1112	0.02	0.07	0.00	0.07	8	0.89	0.97	11282700000.00	1982970000000000.00		0	0	11	12	0	37.19	102.86	0.8	0.5	5	0.1	2.5	2.5	0.9	0.99	0.5	0.1	0.9	15	-9	0.12	79.5	0.965	1	0	1	1	1	0	0	0
20201110	004600	1112	0.02	0.07	0.00	0.07	8	0.89	0.94	12488300000.00	1982100000000000.00		0	0	11	12	0	37.19	102.86	0.8	0.5	5	0.1	2.5	2.5	0.9	0.99	0.5	0.1	0.9	15	-9	0.12	79.5	0.965	1	0	1	1	1	0	0	0
20201110	004700	1112	0.02	0.07	0.00	0.07	0	0.88	0.91	13003100000.00	1972410000000000.00		0	0	11	12	0	37.19	102.86	0.8	0.5	5	0.1	2.5	2.5	0.9	0.99	0.5	0.1	0.9	15	-9	0.12	79.5	0.965	1	0	1	1	1	0	0	0
20201110	004800	1112	0.02	0.07	0.00	0.07	0	0.88	0.88	12887000000.00	1899980000000000.00		0	0	11	12	0	37.19	102.86	0.8	0.5	5	0.1	2.5	2.5	0.9	0.99	0.5	0.1	0.9	15	-9	0.12	79.5	0.965	1	0	1	1	1	0	0	0
20201110	004900	1112	0.02	0.13	0.00	0.13	0	0.97	0.90	11339900000.00	1981920000000000.00		0	0	11	12	0	37.19	102.86	0.8	0.5	5	0.1	2.5	2.5	0.9	0.99	0.5	0.1	0.9	15	-9	0.12	79.5	0.965	1	0	1	1	1	0	0	0
20201110	005000	1112	0.02	0.13	0.00	0.13	0	0.97	0.90	11410300000.00	1981920000000000.00		0	0	11	12	0	37.19	102.86	0.8	0.5	5	0.1	2.5	2.5	0.9	0.99	0.5	0.1	0.9	15	-9	0.12	79.5	0.965	1	0	1	1	1	0	0	0
20201110	005100	1112	0.02	0.13	0.00	0.13	5	0.97	0.87	14217300000.00	1858290000000000.00		0	0	11	12	0	37.19	102.86	0.8	0.5	5	0.1	2.5	2.5	0.9	0.99	0.5	0.1	0.9	15	-9	0.12	79.5	0.965	1	0	1	1	1	0	0	0
20201110	005200	1112	0.02	0.13	0.00	0.13	3	0.97	0.88	7209830000.00	1936490000000000.00		0	0	11	12	0	37.19	102.86	0.8	0.5	5	0.1	2.5	2.5	0.9	0.99	0.5	0.1	0.9	15	-9	0.12	79.5	0.965	1	0	1	1	1	0	0	0
20201110	005300	1112	0.02	0.13	0.00	0.13	0	0.97	0.89	14503400000.00	1912320000000000.00		0	0	11	12	0	37.19	102.86	0.8	0.5	5	0.1	2.5	2.5	0.9	0.99	0.5	0.1	0.9	15	-9	0.12	79.5	0.965	1	0	1	1	1	0	0	0
20201110	005400	1112	0.02	0.13	0.00	0.13	0	0.97	0.88	10023900000.00	1941010000000000.00		0	0	11	12	0	37.19	102.86	0.8	0.5	5	0.1	2.5	2.5	0.9	0.99	0.5	0.1	0.9	15	-9	0.12	79.5	0.965	1	0	1	1	1	0	0	0
20201110	005500	1112	0.02	0.13	0.00	0.13	0	0.97	0.87	16155000000.00	1933130000000000.00		0	0	11	12	0	37.19	102.86	0.8	0.5	5	0.1	2.5	2.5	0.9	0.99	0.5	0.1	0.9	15	-9	0.12	79.5	0.965	1	0	1	1	1	0	0	0
20201110	005600	1112	0.02	0.13	0.00	0.13	0	0.97	0.82	19804500000.00	2035510000000000.00		0	0	11	12	0	37.19	102.86	0.8	0.5	5	0.1	2.5	2.5	0.9	0.99	0.5	0.1	0.9	15	-9	0.12	79.5	0.965	1	0	1	1	1	0	0	0
20201110	005700	1112	0.02	0.13	0.00	0.13	3	0.97	0.84	22078400000.00	1990230000000000.00		0	0	11	12	0	37.19	102.86	0.8	0.5	5	0.1	2.5	2.5	0.9	0.99	0.5	0.1	0.9	15	-9	0.12	79.5	0.965	1	0	1	1	1	0	0	0
20201110	005800	1112	0.02	0.14	0.00	0.14	0	0.97	0.83	14197600000.00	1965720000000000.00		0	0	11	12	0	37.19	102.86	0.8	0.5	5	0.1	2.5	2.5	0.9	0.99	0.5	0.1	0.9	15	-9	0.12	79.5	0.965	1	0	1	1	1	0	0	0
20201110	005900	1112	0.02	0.14	0.00	0.14	0	0.97	0.81	17356500000.00	2035510000000000.00		0	0	11	12	0	37.19	102.86	0.8	0.5	5	0.1	2.5	2.5	0.9	0.99	0.5	0.1	0.9	15	-9	0.12	79.5	0.965	1	0	1	1	1	0	0	0
20201110	010000	1112	0.02	0.13	0.00	0.13	0	0.97	0.86	21036700000.00	2065810000000000.00		0	0	11	12	0	37.19	102.86	0.8	0.5	5	0.1	2.5	2.5	0.9	0.99	0.5	0.1	0.9	15	-9	0.12	79.5	0.965	1	0	1	1	1	0	0	0
20201110	010100	1112	0.02	0.07	0.00	0.07	3	0.88	0.89	14586900000.00	1946870000000000.00		0	0	11	12	0	37.19	102.86	0.8	0.5	5	0.1	2.5	2.5	0.9	0.99	0.5	0.1	0.9	15	-9	0.12	79.5	0.965	1	0	1	1	1	0	0	0
20201110	010200	1112	0.02	0.07	0.00	0.07	5	0.88	0.94	14600400000.00	2002790000000000.00		0	0	11	12	0	37.19	102.86	0.8	0.5	5	0.1	2.5	2.5	0.9	0.99	0.5	0.1	0.9	15	-9	0.12	79.5	0.965	1	0	1	1	1	0	0	0
20201110	010300	1112	0.02	0.07	0.00	0.07	3	0.88	0.94	17909900000.00	1988390000000000.00		0	0	11	12	0	37.19	102.86	0.8	0.5	5	0.1	2.5	2.5	0.9	0.99	0.5	0.1	0.9	15	-9	0.12	79.5	0.965	1	0	1	1	1	0	0	0
20201110	010400	1112	0.02	0.07	0.00	0.07	3	0.88	0.94	14551200000.00	1982020000000000.00		0	0	11	12	0	37.19	102.86	0.8	0.5	5	0.1	2.5	2.5	0.9	0.99	0.5	0.1	0.9	15	-9	0.12	79.5	0.965	1	0	1	1	1	0	0	0
20201110	010500	1112	0.02	0.06	0.00	0.06	3	0.88	0.95	12624900000.00	2021340000000000.00		0	0	11	12	0	37.19	102.86	0.8	0.5	5	0.1	2.5	2.5	0.9	0.99	0.5	0.1	0.9	15	-9	0.12	79.5	0.965	1	0	1	1	1	0	0	0
20201110	010600	1112	0.02	0.07	0.00	0.07	3	0.88	0.96	14546200000.00	2001260000000000.00		0	0	11	12	0	37.19	102.86	0.8	0.5	5	0.1	2.5	2.5	0.9	0.99	0.5	0.1	0.9	15	-9	0.12	79.5	0.965	1	0	1	1	1	0	0	0
20201110	010700	1112	0.02	0.07	0.00	0.07	3	0.88	0.90	10238700000.00	2021430000000000.00		0	0	11	12	0	37.19	102.86	0.8	0.5	5	0.1	2.5	2.5	0.9	0.99	0.5	0.1	0.9	15	-9	0.12	79.5	0.965	1	0	1	1	1	0	0	0
20201110	010800	1112	0.03	0.12	0.00	0.12	3	0.97	0.90	12034200000.00	1988390000000000.00		0	0	11	12	0	37.19	102.86	0.8	0.5	5	0.1	2.5	2.5	0.9	0.99	0.5	0.1	0.9	15	-9	0.12	79.5	0.965	1	0	1	1	1	0	0	0
20201110	010900	1112	0.02	0.06	0.00	0.06	3	0.88	0.92	14405100000.00	1961780000000000.00		0	0	11	12	0	37.19	102.86	0.8	0.5	5	0.1	2.5	2.5	0.9	0.99	0.5	0.1	0.9	15	-9	0.12	79.5	0.965	1	0	1	1	1	0	0	0
20201110	011000	1112	0.02	0.13	0.01	0.12	3	0.97	0.88	14633100000.00	2120950000000000.00		0	0	11	12	0	37.19	102.86	0.8	0.5	5	0.1	2.5	2.5	0.9	0.99	0.5	0.1	0.9	15	-9	0.12	79.5	0.965	1	0	1	1	1	0	0	0
20201110	011100	1112	0.02	0.07	0.01	0.06	3	0.88	0.93	12283800000.00	2064880000000000.00		0	0	11	12	0	37.19	102.86	0.8	0.5	5	0.1	2.5	2.5	0.9	0.99	0.5	0.1	0.9	15	-9	0.12	79.5	0.965	1	0	1	1	1	0	0	0
20201110	011200	1112	0.02	0.13	0.01	0.12	5	0.97	0.94	8490870000.00	1897710000000000.00		0	0	11	12	0	37.19	102.86	0.8	0.5	5	0.1	2.5	2.5	0.9	0.99	0.5	0.1	0.9	15	-9	0.12	79.5	0.965	1	0	1	1	1	0	0	0
20201110	011300	1112	0.02	0.13	0.01	0.12	5	0.97	0.94	3818070000.00	2045300000000000.00		0	0	11	12	0	37.19	102.86	0.8	0.5	5	0.1	2.5	2.5	0.9	0.99	0.5	0.1	0.9	15	-9	0.12	79.5	0.965	1	0	1	1	1	0	0	0
20201110	011400	1112	0.02	0.13	0.01	0.12	3	0.97	0.96	18959100000.00	2118260000000000.00		0	0	11	12	0	37.19	102.86	0.8	0.5	5	0.1	2.5	2.5	0.9	0.99	0.5	0.1	0.9	15	-9	0.12	79.5	0.965	1	0	1	1	1	0	0	0
20201110	011500	1112	0.02	0.13	0.01	0.12	3	0.97	0.93	12719900000.00	2151710000000000.00		0	0	11	12	0	37.19	102.86	0.8	0.5	5	0.1	2.5	2.5	0.9	0.99	0.5	0.1	0.9	15	-9	0.12	79.5	0.965	1	0	1	1	1	0	0	0
20201110	011600	1112	0.02	0.13	0.01	0.12	3	0.97	0.92	9947500000.00	1981130000000000.00		0	0	11	12	0	37.19	102.86	0.8	0.5	5	0.1	2.5	2.5	0.9	0.99	0.5	0.1	0.9	15	-9	0.12	79.5	0.965	1	0	1	1	1	0	0	0
20201110	011700	1112	0.03	0.13	0.01	0.12	3	0.97	0.93	14994000000.00	2136620000000000.00		0	0	11	12	0	37.19	102.86	0.8	0.5	5	0.1	2.5	2.5	0.9	0.99	0.5	0.1	0.9	15	-9	0.12	79.5	0.965	1	0	1	1	1	0	0	0
20201110	011800	1112	0.03	0.13	0.01	0.12	3	0.97	0.93	5038030000.00	2014580000000000.00		0	0	11	12	0	37.19	102.86	0.8	0.5	5	0.1	2.5	2.5	0.9	0.99	0.5	0.1	0.9	15	-9	0.12	79.5	0.965	1	0	1	1	1	0	0	0
20201110	011900	1112	0.03	0.13	0.01	0.12	5	0.97	0.89	3296950000.00	1695210000000000.00		0	0	11	12	0	37.19	102.86	0.8	0.5	5	0.1	2.5	2.5	0.9	0.99	0.5	0.1	0.9	15	-9	0.12	79.5	0.965	1	0	1	1	1	0	0	0
20201110	012000	1112	0.03	0.13	0.01	0.12	3	0.97	0.91	9630900000.00	1978740000000000.00		0	0	11	12	0	37.19	102.86	0.8	0.5	5	0.1	2.5	2.5	0.9	0.99	0.5	0.1	0.9	15	-9	0.12	79.5	0.965	1	0	1	1	1	0	0	0
20201110	012100	1112	0.03	0.13	0.01	0.12	3	0.97	0.90	7696950000.00	1917000000000000.00		0	0	11	12	0	37.19	102.86	0.8	0.5	5	0.1	2.5	2.5	0.9	0.99	0.5	0.1	0.9	15	-9	0.12	79.5	0.965	1	0	1	1	1	0	0	0
20201110	012200	1112	0.03	0.13	0.01	0.12	3	0.97	0.93	7312150000.00	1988390000000000.00		0	0	11	12	0	37.19	102.86	0.8	0.5	5	0.1	2.5	2.5	0.9	0.99	0.5	0.1	0.9	15	-9	0.12	79.5	0.965	1	0	1	1	1	0	0	0
20201110	012300	1112	0.01	0.13	0.01	0.12	1	0.97	0.94	9511750000.00	1942550000000000.00		0	0	11	12	0	37.19	102.86	0.8	0.5	5	0.1	2.5	2.5	0.9	0.99	0.5	0.1	0.9	15	-9	0.12	79.5	0.965	1	0	1	1	1	0	0	0
20201110	012400	1112	0.01	0.13	0.01	0.12	1	0.97	0.95	19612800000.00	2163620000000000.00		0	0	11	12	0	37.19	102.86	0.8	0.5	5	0.1	2.5	2.5	0.9	0.99	0.5	0.1	0.9	15	-9	0.12	79.5	0.965	1	0	1	1	1	0	0	0
20201110	012500	1112	0.03	0.13	0.01	0.12	5	0.97	0.97	9676780000.00	1978740000000000.00		0	0	11	12	0	37.19	102.86	0.8	0.5	5	0.1	2.5	2.5	0.9	0.99	0.5	0.1	0.9	15	-9	0.12	79.5	0.965	1	0	1	1	1	0	0	0
20201110	012600	1112	0.01	0.13	0.01	0.12	1	0.97	0.98	16551500000.00	2141890000000000.00		0	0	11	12	0	37.19	102.86	0.8	0.5	5	0.1	2.5	2.5	0.9	0.99	0.5	0.1	0.9	15	-9	0.12	79.5	0.965	1	0	1	1	1	0	0	0
20201110	012700	1112	0.03	0.13	0.01	0.12	5	0.97	0.96	13267100000.00	2136650000000000.00		0	0	11	12	0	37.19	102.86	0.8	0.5	5	0.1	2.5	2.5	0.9	0.99	0.5	0.1	0.9	15	-9	0.12	79.5	0.965	1	0	1	1	1	0	0	0
20201110	012800	1112	0.01	0.13	0.01	0.12	1	0.97	0.97	7852900000.00	1972160000000000.00		0	0	11	12	0	37.19	102.86	0.8	0.5	5	0.1	2.5	2.5	0.9	0.99	0.5	0.1	0.9	15	-9	0.12	79.5	0.965	1	0	1	1	1	0	0	0
20201110	012900	1112	0.01	0.13	0.01	0.12	1	0.97	0.93	22916800000.00	2206040000000000.00		0	0	11	12	0	37.19	102.86	0.8	0.5	5	0.1	2.5	2.5	0.9	0.99	0.5	0.1	0.9	15	-9	0.12	79.5	0.965	1	0	1	1	1	0	0	0
20201110	013000	1112	0.03	0.13	0.01	0.12	5	0.97	0.94	11929000000.00	2065500000000000.00		0	0	11	12	0	37.19	102.86	0.8	0.5	5	0.1	2.5	2.5	0.9	0.99	0.5	0.1	0.9	15	-9	0.12	79.5	0.965	1	0	1	1	1	0	0	0
20201110	013100	1112	0.03	0.07	0.01	0.06	5	0.88	0.92	7873460000.00	2054090000000000.00		0	0	11	12	0	37.19	102.86	0.8	0.5	5	0.1	2.5	2.5	0.9	0.99	0.5	0.1	0.9	15	-9	0.12	79.5	0.965	1	0	1	1	1	0	0	0
20201110	013200	1112	0.03	0.07	0.01	0.06	5	0.89	0.92	9420640000.00	2048440000000000.00		0	0	11	12	0	37.19	102.86	0.8	0.5	5	0.1	2.5	2.5	0.9	0.99	0.5	0.1	0.9	15	-9	0.12	79.5	0.965	1	0	1	1	1	0	0	0
20201110	013300	1112	0.01	0.07	0.01	0.06	1	0.89	0.93	13301900000.00	2025050000000000.00		0	0	11	12	0	37.19	102.86	0.8	0.5	5	0.1	2.5	2.5	0.9	0.99	0.5	0.1	0.9	15	-9	0.12	79.5	0.965	1	0	1	1	1	0	0	0
20201110	013400	1112	0.02	0.07	0.01	0.06	5	0.89	0.95	9066240000.00	2166270000000000.00		0	0	11	12	0	37.19	102.86	0.8	0.5	5	0.1	2.5	2.5	0.9	0.99	0.5	0.1	0.9	15	-9	0.12	79.5	0.965	1	0	1	1	1	0	0	0
20201110	013500	1112	0.01	0.07	0.01	0.06	1	0.88	0.91	14764200000.00	2030900000000000.00		0	0	11	12	0	37.19	102.86	0.8	0.5	5	0.1	2.5	2.5	0.9	0.99	0.5	0.1	0.9	15	-9	0.12	79.5	0.965	1	0	1	1	1	0	0	0
20201110	013600	1112	0.02	0.07	0.01	0.06	3	0.88	0.95	5232100000.00	2056620000000000.00		0	0	11	12	0	37.19	102.86	0.8	0.5	5	0.1	2.5	2.5	0.9	0.99	0.5	0.1	0.9	15	-9	0.12	79.5	0.965	1	0	1	1	1	0	0	0
20201110	013700	1112	0.02	0.07	0.01	0.06	5	0.88	0.94	6718130000.00	2075670000000000.00		0	0	11	12	0	37.19	102.86	0.8	0.5	5	0.1	2.5	2.5	0.9	0.99	0.5	0.1	0.9	15	-9	0.12	79.5	0.965	1	0	1	1	1	0	0	0
20201110	013800	1112	0.02	0.07	0.01	0.06	5	0.88	0.91	16361900000.00	2207660000000000.00		0	0	11	12	0	37.19	102.86	0.8	0.5	5	0.1	2.5	2.5	0.9	0.99	0.5	0.1	0.9	15	-9	0.12	79.5	0.965	1	0	1	1	1	0	0	0
20201110	013900	1112	0.03	0.07	0.01	0.06	5	0.88	0.93	13892400000.00	2150280000000000.00		0	0	11	12	0	37.19	102.86	0.8	0.5	5	0.1	2.5	2.5	0.9	0.99	0.5	0.1	0.9	15	-9	0.12	79.5	0.965	1	0	1	1	1	0	0	0
20201110	014000	1112	0.03	0.07	0.01	0.06	5	0.88	0.91	15638500000.00	2159350000000000.00		0	0	11	12	0	37.19	102.86	0.8	0.5	5	0.1	2.5	2.5	0.9	0.99	0.5	0.1	0.9	15	-9	0.12	79.5	0.965	1	0	1	1	1	0	0	0
20201110	014100	1112	0.01	0.07	0.01	0.06	1	0.88	0.93	16139300000.00	2254360000000000.00		0	0	11	12	0	37.19	102.86	0.8	0.5	5	0.1	2.5	2.5	0.9	0.99	0.5	0.1	0.9	15	-9	0.12	79.5	0.965	1	0	1	1	1	0	0	0
20201110	014200	1112	0.01	0.08	0.01	0.07	1	0.88	0.92	17649400000.00	2307860000000000.00		0	0	11	12	0	37.19	102.86	0.8	0.5	5	0.1	2.5	2.5	0.9	0.99	0.5	0.1	0.9	15	-9	0.12	79.5	0.965	1	0	1	1	1	0	0	0
20201110	014300	1112	0.01	0.08	0.01	0.07	1	0.88	0.90	13811600000.00	2216700000000000.00		0	0	11	12	0	37.19	102.86	0.8	0.5	5	0.1	2.5	2.5	0.9	0.99	0.5	0.1	0.9	15	-9	0.12	79.5	0.965	1	0	1	1	1	0	0	0
20201110	014400	1112	0.03	0.08	0.01	0.07	5	0.88	0.95	15990300000.00	2239730000000000.00		0	0	11	12	0	37.19	102.86	0.8	0.5	5	0.1	2.5	2.5	0.9	0.99	0.5	0.1	0.9	15	-9	0.12	79.5	0.965	1	0	1	1	1	0	0	0
20201110	014500	1112	0.02	0.08	0.01	0.07	5	0.88	0.97	17453300000.00	2282240000000000.00		0	0	11	12	0	37.19	102.86	0.8	0.5	5	0.1	2.5	2.5	0.9	0.99	0.5	0.1	0.9	15	-9	0.12	79.5	0.965	1	0	1	1	1	0	0	0
20201110	014600	1112	0.01	0.08	0.01	0.07	1	0.88	0.98	12134300000.00	2245020000000000.00		0	0	11	12	0	37.19	102.86	0.8	0.5	5	0.1	2.5	2.5	0.9	0.99	0.5	0.1	0.9	15	-9	0.12	79.5	0.965	1	0	1	1	1	0	0	0
20201110	014700	1112	0.02	0.08	0.01	0.07	5	0.89	0.97	22608300000.00	2309940000000000.00		0	0	11	12	0	37.19	102.86	0.8	0.5	5	0.1	2.5	2.5	0.9	0.99	0.5	0.1	0.9	15	-9	0.12	79.5	0.965	1	0	1	1	1	0	0	0
20201110	014800	1112	0.02	0.08	0.01	0.07	5	0.89	0.97	11737100000.00	2026170000000000.00		0	0	11	12	0	37.19	102.86	0.8	0.5	5	0.1	2.5	2.5	0.9	0.99	0.5	0.1	0.9	15	-9	0.12	79.5	0.965	1	0	1	1	1	0	0	0
20201110	014900	1112	0.01	0.08	0.01	0.07	1	0.89	0.96	22629000000.00	2297470000000000.00		0	0	11	12	0	37.19	102.86	0.8	0.5	5	0.1	2.5	2.5	0.9	0.99	0.5	0.1	0.9	15	-9	0.12	79.5	0.965	1	0	1	1	1	0	0	0
20201110	015000	1112	0.02	0.08	0.01	0.07	5	0.89	0.97	13184600000.00	2022210000000000.00		0	0	11	12	0	37.19	102.86	0.8	0.5	5	0.1	2.5	2.5	0.9	0.99	0.5	0.1	0.9	15	-9	0.12	79.5	0.965	1	0	1	1	1	0	0	0
20201110	015100	1112	0.02	0.08	0.01	0.07	5	0.89	0.97	15569700000.00	2142560000000000.00		0	0	11	12	0	37.19	102.86	0.8	0.5	5	0.1	2.5	2.5	0.9	0.99	0.5	0.1	0.9	15	-9	0.12	79.5	0.965	1	0	1	1	1	0	0	0
20201110	015200	1112	0.01	0.08	0.01	0.07	1	0.89	0.96	11734300000.00	2022210000000000.00		0	0	11	12	0	37.19	102.86	0.8	0.5	5	0.1	2.5	2.5	0.9	0.99	0.5	0.1	0.9	15	-9	0.12	79.5	0.965	1	0	1	1	1	0	0	0
20201110	015300	1112	0.01	0.08	0.01	0.07	1	0.89	0.96	12371300000.00	2241870000000000.00		0	0	11	12	0	37.19	102.86	0.8	0.5	5	0.1	2.5	2.5	0.9	0.99	0.5	0.1	0.9	15	-9	0.12	79.5	0.965	1	0	1	1	1	0	0	0
20201110	015400	1112	0.02	0.08	0.01	0.07	5	0.89	0.98	21263300000.00	2319480000000000.00		0	0	11	12	0	37.19	102.86	0.8	0.5	5	0.1	2.5	2.5	0.9	0.99	0.5	0.1	0.9	15	-9	0.12	79.5	0.965	1	0	1	1	1	0	0	0
20201110	015500	1112	0.02	0.08	0.01	0.07	5	0.89	0.96	14462500000.00	2222410000000000.00		0	0	11	12	0	37.19	102.86	0.8	0.5	5	0.1	2.5	2.5	0.9	0.99	0.5	0.1	0.9	15	-9	0.12	79.5	0.965	1	0	1	1	1	0	0	0
20201110	015600	1112	0.02	0.08	0.01	0.07	5	0.89	0.96	21020900000.00	2254910000000000.00		0	0	11	12	0	37.19	102.86	0.8	0.5	5	0.1	2.5	2.5	0.9	0.99	0.5	0.1	0.9	15	-9	0.12	79.5	0.965	1	0	1	1	1	0	0	0
20201110	015700	1112	0.01	0.08	0.01	0.07	1	0.88	0.96	12633900000.00	2083680000000000.00		0	0	11	12	0	37.19	102.86	0.8	0.5	5	0.1	2.5	2.5	0.9	0.99	0.5	0.1	0.9	15	-9	0.12	79.5	0.965	1	0	1	1	1	0	0	0
20201110	015800	1112	0.02	0.08	0.01	0.07	5	0.88	0.98	10960900000.00	2180310000000000.00		0	0	11	12	0	37.19	102.86	0.8	0.5	5	0.1	2.5	2.5	0.9	0.99	0.5	0.1	0.9	15	-9	0.12	79.5	0.965	1	0	1	1	1	0	0	0
20201110	015900	1112	0.00	0.07	0.00	0.07	1	0.88	0.97	15831200000.00	2267860000000000.00		0	0	11	12	0	37.19	102.86	0.8	0.5	5	0.1	2.5	2.5	0.9	0.99	0.5	0.1	0.9	15	-9	0.12	79.5	0.965	1	0	1	1	1	0	0	0
20201110	020000	1112	0.00	0.07	0.00	0.07	1	0.88	0.95	12782500000.00	2109700000000000.00		0	0	11	12	0	37.19	102.86	0.8	0.5	5	0.1	2.5	2.5	0.9	0.99	0.5	0.1	0.9	15	-9	0.12	79.5	0.965	1	0	1	1	1	0	0	0
20201110	020100	1112	0.02	0.11	0.00	0.11	5	0.97	0.97	14281900000.00	2288900000000000.00		0	0	11	12	0	37.19	102.86	0.8	0.5	5	0.1	2.5	2.5	0.9	0.99	0.5	0.1	0.9	15	-9	0.12	79.5	0.965	1	0	1	1	1	0	0	0
20201110	020200	1112	0.00	0.11	0.00	0.11	1	0.97	0.96	15398200000.00	2356170000000000.00		0	0	11	12	0	37.19	102.86	0.8	0.5	5	0.1	2.5	2.5	0.9	0.99	0.5	0.1	0.9	15	-9	0.12	79.5	0.965	1	0	1	1	1	0	0	0
20201110	020300	1112	0.00	0.11	0.00	0.11	1	0.97	0.96	7597950000.00	2120610000000000.00		0	0	11	12	0	37.19	102.86	0.8	0.5	5	0.1	2.5	2.5	0.9	0.99	0.5	0.1	0.9	15	-9	0.12	79.5	0.965	1	0	1	1	1	0	0	0
20201110	020400	1112	0.00	0.11	0.00	0.11	1	0.97	0.96	10514000000.00	2078790000000000.00		0	0	11	12	0	37.19	102.86	0.8	0.5	5	0.1	2.5	2.5	0.9	0.99	0.5	0.1	0.9	15	-9	0.12	79.5	0.965	1	0	1	1	1	0	0	0
20201110	020500	1112	0.02	0.11	0.00	0.11	5	0.97	0.97	9127980000.00	2218610000000000.00		0	0	11	12	0	37.19	102.86	0.8	0.5	5	0.1	2.5	2.5	0.9	0.99	0.5	0.1	0.9	15	-9	0.12	79.5	0.965	1	0	1	1	1	0	0	0
20201110	020600	1112	0.02	0.11	0.00	0.11	5	0.97	0.98	13405000000.00	2270720000000000.00		0	0	11	12	0	37.19	102.86	0.8	0.5	5	0.1	2.5	2.5	0.9	0.99	0.5	0.1	0.9	15	-9	0.12	79.5	0.965	1	0	1	1	1	0	0	0
20201110	020700	1112	0.02	0.11	0.00	0.11	5	0.97	0.96	7221660000.00	1997470000000000.00		0	0	11	12	0	37.19	102.86	0.8	0.5	5	0.1	2.5	2.5	0.9	0.99	0.5	0.1	0.9	15	-9	0.12	79.5	0.965	1	0	1	1	1	0	0	0
20201110	020800	1112	0.00	0.11	0.00	0.11	1	0.97	0.96	19589900000.00	2272110000000000.00		0	0	11	12	0	37.19	102.86	0.8	0.5	5	0.1	2.5	2.5	0.9	0.99	0.5	0.1	0.9	15	-9	0.12	79.5	0.965	1	0	1	1	1	0	0	0
20201110	020900	1112	0.01	0.06	0.00	0.06	5	0.88	0.96	14514800000.00	2374610000000000.00		0	0	11	12	0	37.19	102.86	0.8	0.5	5	0.1	2.5	2.5	0.9	0.99	0.5	0.1	0.9	15	-9	0.12	79.5	0.965	1	0	1	1	1	0	0	0
20201110	021000	1112	0.00	0.11	0.00	0.11	1	0.97	0.98	7259960000.00	2288900000000000.00		0	0	11	12	0	37.19	102.86	0.8	0.5	5	0.1	2.5	2.5	0.9	0.99	0.5	0.1	0.9	15	-9	0.12	79.5	0.965	1	0	1	1	1	0	0	0
20201110	021100	1112	0.01	0.11	0.00	0.11	5	0.97	0.96	10215500000.00	2159250000000000.00		0	0	11	12	0	37.19	102.86	0.8	0.5	5	0.1	2.5	2.5	0.9	0.99	0.5	0.1	0.9	15	-9	0.12	79.5	0.965	1	0	1	1	1	0	0	0
20201110	021200	1112	0.00	0.06	0.00	0.06	1	0.88	0.96	8681310000.00	2067610000000000.00		0	0	11	12	0	37.19	102.86	0.8	0.5	5	0.1	2.5	2.5	0.9	0.99	0.5	0.1	0.9	15	-9	0.12	79.5	0.965	1	0	1	1	1	0	0	0
20201110	021300	1112	0.00	0.11	0.00	0.11	1	0.97	0.96	13362800000.00	2205380000000000.00		0	0	11	12	0	37.19	102.86	0.8	0.5	5	0.1	2.5	2.5	0.9	0.99	0.5	0.1	0.9	15	-9	0.12	79.5	0.965	1	0	1	1	1	0	0	0
20201110	021400	1112	0.00	0.11	0.00	0.11	1	0.97	0.98	9720790000.00	2065970000000000.00		0	0	11	12	0	37.19	102.86	0.8	0.5	5	0.1	2.5	2.5	0.9	0.99	0.5	0.1	0.9	15	-9	0.12	79.5	0.965	1	0	1	1	1	0	0	0
20201110	021500	1112	0.01	0.06	0.00	0.06	5	0.88	0.98	16608600000.00	2225280000000000.00		0	0	11	12	0	37.19	102.86	0.8	0.5	5	0.1	2.5	2.5	0.9	0.99	0.5	0.1	0.9	15	-9	0.12	79.5	0.965	1	0	1	1	1	0	0	0
20201110	021600	1112	0.01	0.11	0.00	0.11	5	0.97	0.97	11594800000.00	2222150000000000.00		0	0	11	12	0	37.19	102.86	0.8	0.5	5	0.1	2.5	2.5	0.9	0.99	0.5	0.1	0.9	15	-9	0.12	79.5	0.965	1	0	1	1	1	0	0	0
20201110	021700	1112	0.00	0.11	0.00	0.11	1	0.97	0.98	16352300000.00	2296000000000000.00		0	0	11	12	0	37.19	102.86	0.8	0.5	5	0.1	2.5	2.5	0.9	0.99	0.5	0.1	0.9	15	-9	0.12	79.5	0.965	1	0	1	1	1	0	0	0
20201110	021800	1112	0.00	0.11	0.00	0.11	1	0.97	0.96	14493500000.00	2136960000000000.00		0	0	11	12	0	37.19	102.86	0.8	0.5	5	0.1	2.5	2.5	0.9	0.99	0.5	0.1	0.9	15	-9	0.12	79.5	0.965	1	0	1	1	1	0	0	0
20201110	021900	1112	0.01	0.11	0.00	0.11	5	0.97	0.96	19483300000.00	2218610000000000.00		0	0	11	12	0	37.19	102.86	0.8	0.5	5	0.1	2.5	2.5	0.9	0.99	0.5	0.1	0.9	15	-9	0.12	79.5	0.965	1	0	1	1	1	0	0	0
20201110	022000	1112	0.00	0.11	0.00	0.11	1	0.97	0.98	9482530000.00	2234900000000000.00		0	0	11	12	0	37.19	102.86	0.8	0.5	5	0.1	2.5	2.5	0.9	0.99	0.5	0.1	0.9	15	-9	0.12	79.5	0.965	1	0	1	1	1	0	0	0
20201110	022100	1112	0.01	0.12	0.00	0.12	5	0.97	0.99	6020710000.00	2198030000000000.00		0	0	11	12	0	37.19	102.86	0.8	0.5	5	0.1	2.5	2.5	0.9	0.99	0.5	0.1	0.9	15	-9	0.12	79.5	0.965	1	0	1	1	1	0	0	0
20201110	022200	1112	0.01	0.06	0.00	0.06	5	0.88	0.98	9714050000.00	2182500000000000.00		0	0	11	12	0	37.19	102.86	0.8	0.5	5	0.1	2.5	2.5	0.9	0.99	0.5	0.1	0.9	15	-9	0.12	79.5	0.965	1	0	1	1	1	0	0	0
20201110	022300	1112	0.00	0.12	0.00	0.12	1	0.97	0.98	15195100000.00	2222310000000000.00		0	0	11	12	0	37.19	102.86	0.8	0.5	5	0.1	2.5	2.5	0.9	0.99	0.5	0.1	0.9	15	-9	0.12	79.5	0.965	1	0	1	1	1	0	0	0
20201110	022400	1112	0.00	0.12	0.00	0.12	1	0.97	0.96	3368010000.00	1925690000000000.00		0	0	11	12	0	37.19	102.86	0.8	0.5	5	0.1	2.5	2.5	0.9	0.99	0.5	0.1	0.9	15	-9	0.12	79.5	0.965	1	0	1	1	1	0	0	0
20201110	022500	1112	0.00	0.06	0.00	0.06	1	0.88	0.96	17168100000.00	2201120000000000.00		0	0	11	12	0	37.19	102.86	0.8	0.5	5	0.1	2.5	2.5	0.9	0.99	0.5	0.1	0.9	15	-9	0.12	79.5	0.965	1	0	1	1	1	0	0	0
20201110	022600	1112	0.00	0.12	0.00	0.12	1	0.97	0.96	15736600000.00	2310530000000000.00		0	0	11	12	0	37.19	102.86	0.8	0.5	5	0.1	2.5	2.5	0.9	0.99	0.5	0.1	0.9	15	-9	0.12	79.5	0.965	1	0	1	1	1	0	0	0
20201110	022700	1112	0.00	0.12	0.00	0.12	1	0.97	0.96	9360350000.00	2222310000000000.00		0	0	11	12	0	37.19	102.86	0.8	0.5	5	0.1	2.5	2.5	0.9	0.99	0.5	0.1	0.9	15	-9	0.12	79.5	0.965	1	0	1	1	1	0	0	0
20201110	022800	1112	0.00	0.06	0.00	0.06	1	0.88	0.97	12875300000.00	2222150000000000.00		0	0	11	12	0	37.19	102.86	0.8	0.5	5	0.1	2.5	2.5	0.9	0.99	0.5	0.1	0.9	15	-9	0.12	79.5	0.965	1	0	1	1	1	0	0	0
20201110	022900	1112	0.00	0.12	0.00	0.12	1	0.97	0.97	12019500000.00	2156760000000000.00		0	0	11	12	0	37.19	102.86	0.8	0.5	5	0.1	2.5	2.5	0.9	0.99	0.5	0.1	0.9	15	-9	0.12	79.5	0.965	1	0	1	1	1	0	0	0
20201110	023000	1112	0.00	0.12	0.00	0.12	1	0.97	0.98	7042320000.00	2137790000000000.00		0	0	11	12	0	37.19	102.86	0.8	0.5	5	0.1	2.5	2.5	0.9	0.99	0.5	0.1	0.9	15	-9	0.12	79.5	0.965	1	0	1	1	1	0	0	0
20201110	023100	1112	0.00	0.11	0.00	0.11	1	0.97	0.96	7841430000.00	2159130000000000.00		0	0	11	12	0	37.19	102.86	0.8	0.5	5	0.1	2.5	2.5	0.9	0.99	0.5	0.1	0.9	15	-9	0.12	79.5	0.965	1	0	1	1	1	0	0	0
20201110	023200	1112	0.00	0.11	0.00	0.11	1	0.97	0.97	9762540000.00	2376750000000000.00		0	0	11	12	0	37.19	102.86	0.8	0.5	5	0.1	2.5	2.5	0.9	0.99	0.5	0.1	0.9	15	-9	0.12	79.5	0.965	1	0	1	1	1	0	0	0
20201110	023300	1112	0.00	0.11	0.00	0.11	1	0.97	0.96	4470490000.00	2049680000000000.00		0	0	11	12	0	37.19	102.86	0.8	0.5	5	0.1	2.5	2.5	0.9	0.99	0.5	0.1	0.9	15	-9	0.12	79.5	0.965	1	0	1	1	1	0	0	0
20201110	023400	1112	0.00	0.11	0.00	0.11	1	0.97	0.98	10787200000.00	2290800000000000.00		0	0	11	12	0	37.19	102.86	0.8	0.5	5	0.1	2.5	2.5	0.9	0.99	0.5	0.1	0.9	15	-9	0.12	79.5	0.965	1	0	1	1	1	0	0	0
20201110	023500	1112	0.00	0.12	0.00	0.12	1	0.97	0.98	20001400000.00	2247740000000000.00		0	0	11	12	0	37.19	102.86	0.8	0.5	5	0.1	2.5	2.5	0.9	0.99	0.5	0.1	0.9	15	-9	0.12	79.5	0.965	1	0	1	1	1	0	0	0
20201110	023600	1112	0.00	0.11	0.00	0.11	1	0.97	0.96	9432650000.00	2156760000000000.00		0	0	11	12	0	37.19	102.86	0.8	0.5	5	0.1	2.5	2.5	0.9	0.99	0.5	0.1	0.9	15	-9	0.12	79.5	0.965	1	0	1	1	1	0	0	0
20201110	023700	1112	0.00	0.12	0.00	0.12	1	0.97	0.96	19125600000.00	2423250000000000.00		0	0	11	12	0	37.19	102.86	0.8	0.5	5	0.1	2.5	2.5	0.9	0.99	0.5	0.1	0.9	15	-9	0.12	79.5	0.965	1	0	1	1	1	0	0	0
20201110	023800	1112	0.00	0.12	0.00	0.12	1	0.97	0.96	4470490000.00	2049680000000000.00		0	0	11	12	0	37.19	102.86	0.8	0.5	5	0.1	2.5	2.5	0.9	0.99	0.5	0.1	0.9	15	-9	0.12	79.5	0.965	1	0	1	1	1	0	0	0
20201110	023900	1112	0.00	0.12	0.00	0.12	1	0.97	0.98	15330500000.00	2315500000000000.00		0	0	11	12	0	37.19	102.86	0.8	0.5	5	0.1	2.5	2.5	0.9	0.99	0.5	0.1	0.9	15	-9	0.12	79.5	0.965	1	0	1	1	1	0	0	0
20201110	024000	1112	0.00	0.12	0.00	0.12	1	0.97	0.96	3837580000.00	1941510000000000.00		0	0	11	12	0	37.19	102.86	0.8	0.5	5	0.1	2.5	2.5	0.9	0.99	0.5	0.1	0.9	15	-9	0.12	79.5	0.965	1	0	1	1	1	0	0	0
20201110	024100	1112	0.00	0.12	0.00	0.12	1	0.97	0.96	8832250000.00	2273940000000000.00		0	0	11	12	0	37.19	102.86	0.8	0.5	5	0.1	2.5	2.5	0.9	0.99	0.5	0.1	0.9	15	-9	0.12	79.5	0.965	1	0	1	1	1	0	0	0
20201110	024200	1112	0.00	0.12	0.00	0.12	1	0.97	0.96	10137800000.00	2283180000000000.00		0	0	11	12	0	37.19	102.86	0.8	0.5	5	0.1	2.5	2.5	0.9	0.99	0.5	0.1	0.9	15	-9	0.12	79.5	0.965	1	0	1	1	1	0	0	0
20201110	024300	1112	0.00	0.12	0.00	0.12	1	0.97	0.98	16033500000.00	2288100000000000.00		0	0	11	12	0	37.19	102.86	0.8	0.5	5	0.1	2.5	2.5	0.9	0.99	0.5	0.1	0.9	15	-9	0.12	79.5	0.965	1	0	1	1	1	0	0	0
20201110	024400	1112	0.00	0.12	0.00	0.12	1	0.97	0.97	10704500000.00	2273940000000000.00		0	0	11	12	0	37.19	102.86	0.8	0.5	5	0.1	2.5	2.5	0.9	0.99	0.5	0.1	0.9	15	-9	0.12	79.5	0.965	1	0	1	1	1	0	0	0
20201110	024500	1112	0.00	0.12	0.00	0.12	1	0.97	0.93	2719080000.00	1921680000000000.00		0	0	11	12	0	37.19	102.86	0.8	0.5	5	0.1	2.5	2.5	0.9	0.99	0.5	0.1	0.9	15	-9	0.12	79.5	0.965	1	0	1	1	1	0	0	0
20201110	024600	1112	0.00	0.12	0.00	0.12	1	0.97	0.96	8479060000.00	2346110000000000.00		0	0	11	12	0	37.19	102.86	0.8	0.5	5	0.1	2.5	2.5	0.9	0.99	0.5	0.1	0.9	15	-9	0.12	79.5	0.965	1	0	1	1	1	0	0	0
20201110	024700	1112	0.00	0.12	0.00	0.12	1	0.97	0.98	15958100000.00	2327750000000000.00		0	0	11	12	0	37.19	102.86	0.8	0.5	5	0.1	2.5	2.5	0.9	0.99	0.5	0.1	0.9	15	-9	0.12	79.5	0.965	1	0	1	1	1	0	0	0
20201110	024800	1112	0.00	0.12	0.00	0.12	1	0.97	0.98	3773360000.00	1924620000000000.00		0	0	11	12	0	37.19	102.86	0.8	0.5	5	0.1	2.5	2.5	0.9	0.99	0.5	0.1	0.9	15	-9	0.12	79.5	0.965	1	0	1	1	1	0	0	0
20201110	024900	1112	0.01	0.12	0.00	0.12	5	0.97	0.96	5236090000.00	2061940000000000.00		0	0	11	12	0	37.19	102.86	0.8	0.5	5	0.1	2.5	2.5	0.9	0.99	0.5	0.1	0.9	15	-9	0.12	79.5	0.965	1	0	1	1	1	0	0	0
20201110	025000	1112	0.00	0.12	0.00	0.12	1	0.97	0.97	5151420000.00	2077860000000000.00		0	0	11	12	0	37.19	102.86	0.8	0.5	5	0.1	2.5	2.5	0.9	0.99	0.5	0.1	0.9	15	-9	0.12	79.5	0.965	1	0	1	1	1	0	0	0
20201110	025100	1112	0.00	0.12	0.00	0.12	1	0.97	0.96	4521340000.00	2037260000000000.00		0	0	11	12	0	37.19	102.86	0.8	0.5	5	0.1	2.5	2.5	0.9	0.99	0.5	0.1	0.9	15	-9	0.12	79.5	0.965	1	0	1	1	1	0	0	0
20201110	025200	1112	0.00	0.12	0.00	0.12	1	0.97	0.98	9700310000.00	2181600000000000.00		0	0	11	12	0	37.19	102.86	0.8	0.5	5	0.1	2.5	2.5	0.9	0.99	0.5	0.1	0.9	15	-9	0.12	79.5	0.965	1	0	1	1	1	0	0	0
20201110	025300	1112	0.00	0.12	0.00	0.12	1	0.97	0.97	11407000000.00	2279430000000000.00		0	0	11	12	0	37.19	102.86	0.8	0.5	5	0.1	2.5	2.5	0.9	0.99	0.5	0.1	0.9	15	-9	0.12	79.5	0.965	1	0	1	1	1	0	0	0
20201110	025400	1112	0.00	0.12	0.00	0.12	1	0.97	0.96	15032200000.00	2204910000000000.00		0	0	11	12	0	37.19	102.86	0.8	0.5	5	0.1	2.5	2.5	0.9	0.99	0.5	0.1	0.9	15	-9	0.12	79.5	0.965	1	0	1	1	1	0	0	0
20201110	025500	1112	0.00	0.12	0.00	0.12	1	0.97	0.96	19947000000.00	2244510000000000.00		0	0	11	12	0	37.19	102.86	0.8	0.5	5	0.1	2.5	2.5	0.9	0.99	0.5	0.1	0.9	15	-9	0.12	79.5	0.965	1	0	1	1	1	0	0	0
20201110	025600	1112	0.00	0.12	0.00	0.12	1	0.97	0.96	22407600000.00	2267070000000000.00		0	0	11	12	0	37.19	102.86	0.8	0.5	5	0.1	2.5	2.5	0.9	0.99	0.5	0.1	0.9	15	-9	0.12	79.5	0.965	1	0	1	1	1	0	0	0
20201110	025700	1112	0.00	0.12	0.00	0.12	1	0.97	0.96	16837500000.00	2270780000000000.00		0	0	11	12	0	37.19	102.86	0.8	0.5	5	0.1	2.5	2.5	0.9	0.99	0.5	0.1	0.9	15	-9	0.12	79.5	0.965	1	0	1	1	1	0	0	0
20201110	025800	1112	0.00	0.12	0.00	0.12	1	0.97	0.97	11232400000.00	2227980000000000.00		0	0	11	12	0	37.19	102.86	0.8	0.5	5	0.1	2.5	2.5	0.9	0.99	0.5	0.1	0.9	15	-9	0.12	79.5	0.965	1	0	1	1	1	0	0	0
20201110	025900	1112	0.00	0.12	0.00	0.12	1	0.97	0.96	7688510000.00	2198860000000000.00		0	0	11	12	0	37.19	102.86	0.8	0.5	5	0.1	2.5	2.5	0.9	0.99	0.5	0.1	0.9	15	-9	0.12	79.5	0.965	1	0	1	1	1	0	0	0
20201110	030000	1112	0.00	0.12	0.00	0.12	1	0.97	0.98	4611880000.00	2064230000000000.00		0	0	11	12	0	37.19	102.86	0.8	0.5	5	0.1	2.5	2.5	0.9	0.99	0.5	0.1	0.9	15	-9	0.12	79.5	0.965	1	0	1	1	1	0	0	0
20201110	030100	1112	0.00	0.15	0.00	0.15	1	0.96	0.96	2632330000.00	1853480000000000.00		0	0	11	12	0	37.19	102.86	0.8	0.5	5	0.1	2.5	2.5	0.9	0.99	0.5	0.1	0.9	15	-9	0.12	79.5	0.965	1	0	1	1	1	0	0	0
20201110	030200	1112	0.01	0.15	0.00	0.15	3	0.96	0.96	14005300000.00	2319620000000000.00		0	0	11	12	0	37.19	102.86	0.8	0.5	5	0.1	2.5	2.5	0.9	0.99	0.5	0.1	0.9	15	-9	0.12	79.5	0.965	1	0	1	1	1	0	0	0
20201110	030400	1112	0.01	0.14	0.00	0.14	3	0.96	0.94	13537300000.00	2216690000000000.00		0	0	11	12	0	37.19	102.86	0.8	0.5	5	0.1	2.5	2.5	0.9	0.99	0.5	0.1	0.9	15	-9	0.12	79.5	0.965	1	0	1	1	1	0	0	0
20201110	030500	1112	0.01	0.14	0.00	0.14	3	0.96	0.96	9405180000.00	2342380000000000.00		0	0	11	12	0	37.19	102.86	0.8	0.5	5	0.1	2.5	2.5	0.9	0.99	0.5	0.1	0.9	15	-9	0.12	79.5	0.965	1	0	1	1	1	0	0	0
20201110	030600	1112	0.01	0.14	0.00	0.14	3	0.96	0.97	9274830000.00	2421590000000000.00		0	0	11	12	0	37.19	102.86	0.8	0.5	5	0.1	2.5	2.5	0.9	0.99	0.5	0.1	0.9	15	-9	0.12	79.5	0.965	1	0	1	1	1	0	0	0
20201110	030700	1112	0.01	0.14	0.00	0.14	3	0.96	0.96	11973600000.00	2399520000000000.00		0	0	11	12	0	37.19	102.86	0.8	0.5	5	0.1	2.5	2.5	0.9	0.99	0.5	0.1	0.9	15	-9	0.12	79.5	0.965	1	0	1	1	1	0	0	0
20201110	030800	1112	0.01	0.14	0.00	0.14	3	0.96	0.97	4611880000.00	2064230000000000.00		0	0	11	12	0	37.19	102.86	0.8	0.5	5	0.1	2.5	2.5	0.9	0.99	0.5	0.1	0.9	15	-9	0.12	79.5	0.965	1	0	1	1	1	0	0	0
20201110	030900	1112	0.01	0.14	0.00	0.14	3	0.96	0.97	3724650000.00	1865860000000000.00		0	0	11	12	0	37.19	102.86	0.8	0.5	5	0.1	2.5	2.5	0.9	0.99	0.5	0.1	0.9	15	-9	0.12	79.5	0.965	1	0	1	1	1	0	0	0
20201110	031000	1112	0.01	0.14	0.00	0.14	3	0.96	0.96	13050300000.00	2219690000000000.00		0	0	11	12	0	37.19	102.86	0.8	0.5	5	0.1	2.5	2.5	0.9	0.99	0.5	0.1	0.9	15	-9	0.12	79.5	0.965	1	0	1	1	1	0	0	0
20201110	031100	1112	0.01	0.14	0.00	0.14	3	0.96	0.96	11819600000.00	2267070000000000.00		0	0	11	12	0	37.19	102.86	0.8	0.5	5	0.1	2.5	2.5	0.9	0.99	0.5	0.1	0.9	15	-9	0.12	79.5	0.965	1	0	1	1	1	0	0	0
20201110	031200	1112	0.01	0.14	0.00	0.14	3	0.96	0.96	9094220000.00	2094710000000000.00		0	0	11	12	0	37.19	102.86	0.8	0.5	5	0.1	2.5	2.5	0.9	0.99	0.5	0.1	0.9	15	-9	0.12	79.5	0.965	1	0	1	1	1	0	0	0
20201110	031300	1112	0.01	0.14	0.00	0.14	3	0.96	0.97	2.31	115.09		0	0	11	12	0	37.19	102.86	0.8	0.5	5	0.1	2.5	2.5	0.9	0.99	0.5	0.1	0.9	15	-9	0.12	79.5	0.965	1	0	1	1	1	0	0	0
20201110	030300	1112	0.01	0.15	0.00	0.15	3	0.96	0.96	11745500000.00	2354580000000000.00		0	0	11	12	0	37.19	102.86	0.8	0.5	5	0.1	2.5	2.5	0.9	0.99	0.5	0.1	0.9	15	-9	0.12	79.5	0.965	1	0	1	1	1	0	0	0
20201110	031400	1112	0.01	0.14	0.00	0.14	3	0.96	0.97	5845920000.00	2347830000000000.00		0	0	11	12	0	37.19	102.86	0.8	0.5	5	0.1	2.5	2.5	0.9	0.99	0.5	0.1	0.9	15	-9	0.12	79.5	0.965	1	0	1	1	1	0	0	0
20201110	031500	1112	0.01	0.14	0.00	0.14	3	0.96	0.98	2844140000.00	1952060000000000.00		0	0	11	12	0	37.19	102.86	0.8	0.5	5	0.1	2.5	2.5	0.9	0.99	0.5	0.1	0.9	15	-9	0.12	79.5	0.965	1	0	1	1	1	0	0	0
20201110	031600	1112	0.01	0.14	0.00	0.14	3	0.97	0.96	3849470000.00	2310690000000000.00		0	0	11	12	0	37.19	102.86	0.8	0.5	5	0.1	2.5	2.5	0.9	0.99	0.5	0.1	0.9	15	-9	0.12	79.5	0.965	1	0	1	1	1	0	0	0
20201110	031700	1112	0.01	0.14	0.00	0.14	3	0.97	0.97	9639430000.00	2344110000000000.00		0	0	11	12	0	37.19	102.86	0.8	0.5	5	0.1	2.5	2.5	0.9	0.99	0.5	0.1	0.9	15	-9	0.12	79.5	0.965	1	0	1	1	1	0	0	0
20201110	031800	1112	0.01	0.14	0.00	0.14	3	0.97	0.96	1390140000.00	2384030000000000.00		0	0	11	12	0	37.19	102.86	0.8	0.5	5	0.1	2.5	2.5	0.9	0.99	0.5	0.1	0.9	15	-9	0.12	79.5	0.965	1	0	1	1	1	0	0	0
20201110	031900	1112	0.01	0.14	0.00	0.14	3	0.97	0.98	1215880000.00	2085170000000000.00		0	0	11	12	0	37.19	102.86	0.8	0.5	5	0.1	2.5	2.5	0.9	0.99	0.5	0.1	0.9	15	-9	0.12	79.5	0.965	1	0	1	1	1	0	0	0
20201110	032000	1112	0.01	0.14	0.00	0.14	3	0.97	0.98	2.30	45.74		0	0	11	12	0	37.19	102.86	0.8	0.5	5	0.1	2.5	2.5	0.9	0.99	0.5	0.1	0.9	15	-9	0.12	79.5	0.965	1	0	1	1	1	0	0	0
20201110	032100	1112	0.01	0.14	0.00	0.14	3	0.97	0.98	2.30	771.99		0	0	11	12	0	37.19	102.86	0.8	0.5	5	0.1	2.5	2.5	0.9	0.99	0.5	0.1	0.9	15	-9	0.12	79.5	0.965	1	0	1	1	1	0	0	0
20201110	032200	1112	0.01	0.14	0.00	0.14	3	0.97	0.97	1215880000.00	2085170000000000.00		0	0	11	12	0	37.19	102.86	0.8	0.5	5	0.1	2.5	2.5	0.9	0.99	0.5	0.1	0.9	15	-9	0.12	79.5	0.965	1	0	1	1	1	0	0	0
20201110	032300	1112	0.01	0.14	0.00	0.14	3	0.97	0.96	2.30	722.79		0	0	11	12	0	37.19	102.86	0.8	0.5	5	0.1	2.5	2.5	0.9	0.99	0.5	0.1	0.9	15	-9	0.12	79.5	0.965	1	0	1	1	1	0	0	0
20201110	032400	1112	0.00	0.14	0.00	0.14	3	0.97	0.96	2.30	989.21		0	0	11	12	0	37.19	102.86	0.8	0.5	5	0.1	2.5	2.5	0.9	0.99	0.5	0.1	0.9	15	-9	0.12	79.5	0.965	1	0	1	1	1	0	0	0
20201110	032500	1112	0.00	0.14	0.00	0.14	3	0.97	0.97	2.29	1012.90		0	0	11	12	0	37.19	102.86	0.8	0.5	5	0.1	2.5	2.5	0.9	0.99	0.5	0.1	0.9	15	-9	0.12	79.5	0.965	1	0	1	1	1	0	0	0
20201110	032600	1112	0.00	0.14	0.00	0.14	3	0.97	0.97	1908750000.00	2182270000000000.00		0	0	11	12	0	37.19	102.86	0.8	0.5	5	0.1	2.5	2.5	0.9	0.99	0.5	0.1	0.9	15	-9	0.12	79.5	0.965	1	0	1	1	1	0	0	0
20201110	032700	1112	0.00	0.14	0.00	0.14	3	0.97	0.97	4877190000.00	2154320000000000.00		0	0	11	12	0	37.19	102.86	0.8	0.5	5	0.1	2.5	2.5	0.9	0.99	0.5	0.1	0.9	15	-9	0.12	79.5	0.965	1	0	1	1	1	0	0	0
20201110	032800	1112	0.00	0.14	0.00	0.14	3	0.97	0.98	2.29	155.05		0	0	11	12	0	37.19	102.86	0.8	0.5	5	0.1	2.5	2.5	0.9	0.99	0.5	0.1	0.9	15	-9	0.12	79.5	0.965	1	0	1	1	1	0	0	0
20201110	032900	1112	0.00	0.14	0.00	0.14	3	0.97	0.98	2.30	978.67		0	0	11	12	0	37.19	102.86	0.8	0.5	5	0.1	2.5	2.5	0.9	0.99	0.5	0.1	0.9	15	-9	0.12	79.5	0.965	1	0	1	1	1	0	0	0
20201110	033200	1112	0.00	0.14	0.00	0.14	3	0.97	0.96	3522220000.00	2246220000000000.00		0	0	11	12	0	37.19	102.86	0.8	0.5	5	0.1	2.5	2.5	0.9	0.99	0.5	0.1	0.9	15	-9	0.12	79.5	0.965	1	0	1	1	1	0	0	0
20201110	033300	1112	0.00	0.14	0.00	0.14	3	0.97	0.98	6765460000.00	2176250000000000.00		0	0	11	12	0	37.19	102.86	0.8	0.5	5	0.1	2.5	2.5	0.9	0.99	0.5	0.1	0.9	15	-9	0.12	79.5	0.965	1	0	1	1	1	0	0	0
20201110	033400	1112	0.00	0.14	0.00	0.14	3	0.97	0.99	8109930000.00	2094730000000000.00		0	0	11	12	0	37.19	102.86	0.8	0.5	5	0.1	2.5	2.5	0.9	0.99	0.5	0.1	0.9	15	-9	0.12	79.5	0.965	1	0	1	1	1	0	0	0
20201110	033500	1112	0.00	0.14	0.00	0.14	3	0.97	0.98	2.29	740.69		0	0	11	12	0	37.19	102.86	0.8	0.5	5	0.1	2.5	2.5	0.9	0.99	0.5	0.1	0.9	15	-9	0.12	79.5	0.965	1	0	1	1	1	0	0	0
20201110	033600	1112	0.00	0.14	0.00	0.14	3	0.97	0.96	2515970000.00	1754310000000000.00		0	0	11	12	0	37.19	102.86	0.8	0.5	5	0.1	2.5	2.5	0.9	0.99	0.5	0.1	0.9	15	-9	0.12	79.5	0.965	1	0	1	1	1	0	0	0
20201110	033700	1112	0.00	0.14	0.00	0.14	3	0.97	0.96	3971120000.00	2270100000000000.00		0	0	11	12	0	37.19	102.86	0.8	0.5	5	0.1	2.5	2.5	0.9	0.99	0.5	0.1	0.9	15	-9	0.12	79.5	0.965	1	0	1	1	1	0	0	0
20201110	033800	1112	0.00	0.14	0.00	0.14	3	0.97	0.96	5518520000.00	2180410000000000.00		0	0	11	12	0	37.19	102.86	0.8	0.5	5	0.1	2.5	2.5	0.9	0.99	0.5	0.1	0.9	15	-9	0.12	79.5	0.965	1	0	1	1	1	0	0	0
20201110	033900	1112	0.00	0.14	0.00	0.14	3	0.97	0.96	12741100000.00	2273090000000000.00		0	0	11	12	0	37.19	102.86	0.8	0.5	5	0.1	2.5	2.5	0.9	0.99	0.5	0.1	0.9	15	-9	0.12	79.5	0.965	1	0	1	1	1	0	0	0
20201110	034000	1112	0.00	0.14	0.00	0.14	3	0.97	0.98	1215760000.00	2084960000000000.00		0	0	11	12	0	37.19	102.86	0.8	0.5	5	0.1	2.5	2.5	0.9	0.99	0.5	0.1	0.9	15	-9	0.12	79.5	0.965	1	0	1	1	1	0	0	0
20201110	033000	1112	0.00	0.14	0.00	0.14	3	0.97	0.96	1788380000.00	2044660000000000.00		0	0	11	12	0	37.19	102.86	0.8	0.5	5	0.1	2.5	2.5	0.9	0.99	0.5	0.1	0.9	15	-9	0.12	79.5	0.965	1	0	1	1	1	0	0	0
20201110	033100	1112	0.00	0.14	0.00	0.14	3	0.97	0.96	1189740000.00	2040350000000000.00		0	0	11	12	0	37.19	102.86	0.8	0.5	5	0.1	2.5	2.5	0.9	0.99	0.5	0.1	0.9	15	-9	0.12	79.5	0.965	1	0	1	1	1	0	0	0
20201110	034100	1112	0.00	0.14	0.00	0.14	3	0.97	0.97	4803620000.00	2124410000000000.00		0	0	11	12	0	37.19	102.86	0.8	0.5	5	0.1	2.5	2.5	0.9	0.99	0.5	0.1	0.9	15	-9	0.12	79.5	0.965	1	0	1	1	1	0	0	0
20201110	034200	1112	0.00	0.14	0.00	0.14	3	0.97	0.98	2.27	155.57		0	0	11	12	0	37.19	102.86	0.8	0.5	5	0.1	2.5	2.5	0.9	0.99	0.5	0.1	0.9	15	-9	0.12	79.5	0.965	1	0	1	1	1	0	0	0
20201110	034300	1112	0.00	0.14	0.00	0.14	3	0.97	0.96	2.27	773.39		0	0	11	12	0	37.19	102.86	0.8	0.5	5	0.1	2.5	2.5	0.9	0.99	0.5	0.1	0.9	15	-9	0.12	79.5	0.965	1	0	1	1	1	0	0	0
20201110	034400	1112	0.00	0.14	0.00	0.14	3	0.97	0.98	3913850000.00	2237350000000000.00		0	0	11	12	0	37.19	102.86	0.8	0.5	5	0.1	2.5	2.5	0.9	0.99	0.5	0.1	0.9	15	-9	0.12	79.5	0.965	1	0	1	1	1	0	0	0
20201110	034500	1112	0.00	0.14	0.00	0.14	3	0.97	0.97	6170120000.00	2171890000000000.00		0	0	11	12	0	37.19	102.86	0.8	0.5	5	0.1	2.5	2.5	0.9	0.99	0.5	0.1	0.9	15	-9	0.12	79.5	0.965	1	0	1	1	1	0	0	0
20201110	034600	1112	0.00	0.14	0.00	0.14	3	0.97	0.98	2829810000.00	1983640000000000.00		0	0	11	12	0	37.19	102.86	0.8	0.5	5	0.1	2.5	2.5	0.9	0.99	0.5	0.1	0.9	15	-9	0.12	79.5	0.965	1	0	1	1	1	0	0	0
20201110	034700	1112	0.00	0.15	0.00	0.15	3	0.97	0.98	10814400000.00	2193170000000000.00		0	0	11	12	0	37.19	102.86	0.8	0.5	5	0.1	2.5	2.5	0.9	0.99	0.5	0.1	0.9	15	-9	0.12	79.5	0.965	1	0	1	1	1	0	0	0
20201110	034800	1112	0.00	0.15	0.00	0.15	3	0.97	0.97	1236330000.00	2120250000000000.00		0	0	11	12	0	37.19	102.86	0.8	0.5	5	0.1	2.5	2.5	0.9	0.99	0.5	0.1	0.9	15	-9	0.12	79.5	0.965	1	0	1	1	1	0	0	0
20201110	034900	1112	0.00	0.14	0.00	0.14	3	0.97	0.96	2.26	41.24		0	0	11	12	0	37.19	102.86	0.8	0.5	5	0.1	2.5	2.5	0.9	0.99	0.5	0.1	0.9	15	-9	0.12	79.5	0.965	1	0	1	1	1	0	0	0
20201110	035000	1112	0.00	0.15	0.00	0.15	3	0.97	0.96	2.26	778.67		0	0	11	12	0	37.19	102.86	0.8	0.5	5	0.1	2.5	2.5	0.9	0.99	0.5	0.1	0.9	15	-9	0.12	79.5	0.965	1	0	1	1	1	0	0	0
20201110	035100	1112	0.00	0.15	0.00	0.15	3	0.97	0.98	2.26	1661.72		0	0	11	12	0	37.19	102.86	0.8	0.5	5	0.1	2.5	2.5	0.9	0.99	0.5	0.1	0.9	15	-9	0.12	79.5	0.965	1	0	1	1	1	0	0	0
20201110	035200	1112	0.00	0.15	0.00	0.15	3	0.97	0.97	14697000000.00	2136230000000000.00		0	0	11	12	0	37.19	102.86	0.8	0.5	5	0.1	2.5	2.5	0.9	0.99	0.5	0.1	0.9	15	-9	0.12	79.5	0.965	1	0	1	1	1	0	0	0
20201110	035300	1112	0.00	0.15	0.00	0.15	3	0.97	0.98	2.26	2100.06		0	0	11	12	0	37.19	102.86	0.8	0.5	5	0.1	2.5	2.5	0.9	0.99	0.5	0.1	0.9	15	-9	0.12	79.5	0.965	1	0	1	1	1	0	0	0
20201110	035400	1112	0.00	0.15	0.00	0.15	3	0.97	0.97	2.26	2399.38		0	0	11	12	0	37.19	102.86	0.8	0.5	5	0.1	2.5	2.5	0.9	0.99	0.5	0.1	0.9	15	-9	0.12	79.5	0.965	1	0	1	1	1	0	0	0
20201110	035500	1112	0.00	0.15	0.00	0.15	3	0.97	0.98	16188100000.00	2264370000000000.00		0	0	11	12	0	37.19	102.86	0.8	0.5	5	0.1	2.5	2.5	0.9	0.99	0.5	0.1	0.9	15	-9	0.12	79.5	0.965	1	0	1	1	1	0	0	0
20201110	035600	1112	0.00	0.15	0.00	0.15	3	0.97	0.96	12008600000.00	2297360000000000.00		0	0	11	12	0	37.19	102.86	0.8	0.5	5	0.1	2.5	2.5	0.9	0.99	0.5	0.1	0.9	15	-9	0.12	79.5	0.965	1	0	1	1	1	0	0	0
20201110	035700	1112	0.00	0.15	0.00	0.15	3	0.97	0.98	5290730000.00	2215490000000000.00		0	0	11	12	0	37.19	102.86	0.8	0.5	5	0.1	2.5	2.5	0.9	0.99	0.5	0.1	0.9	15	-9	0.12	79.5	0.965	1	0	1	1	1	0	0	0
20201110	035800	1112	0.00	0.15	0.00	0.15	3	0.97	0.98	9875430000.00	2171640000000000.00		0	0	11	12	0	37.19	102.86	0.8	0.5	5	0.1	2.5	2.5	0.9	0.99	0.5	0.1	0.9	15	-9	0.12	79.5	0.965	1	0	1	1	1	0	0	0
20201110	035900	1112	0.00	0.15	0.00	0.15	3	0.97	0.96	679891000.00	2331960000000000.00		0	0	11	12	0	37.19	102.86	0.8	0.5	5	0.1	2.5	2.5	0.9	0.99	0.5	0.1	0.9	15	-9	0.12	79.5	0.965	1	0	1	1	1	0	0	0
20201110	040000	1112	0.00	0.15	0.00	0.15	3	0.97	0.96	10619800000.00	2182440000000000.00		0	0	11	12	0	37.19	102.86	0.8	0.5	5	0.1	2.5	2.5	0.9	0.99	0.5	0.1	0.9	15	-9	0.12	79.5	0.965	1	0	1	1	1	0	0	0
20201110	040100	1112	0.00	0.15	0.00	0.15	3	0.97	0.98	3675400000.00	2178180000000000.00		0	0	11	12	0	37.19	102.86	0.8	0.5	5	0.1	2.5	2.5	0.9	0.99	0.5	0.1	0.9	15	-9	0.12	79.5	0.965	1	0	1	1	1	0	0	0
20201110	040200	1112	0.00	0.15	0.00	0.15	3	0.97	0.98	2.24	678.07		0	0	11	12	0	37.19	102.86	0.8	0.5	5	0.1	2.5	2.5	0.9	0.99	0.5	0.1	0.9	15	-9	0.12	79.5	0.965	1	0	1	1	1	0	0	0
20201110	040300	1112	0.00	0.15	0.00	0.15	3	0.97	0.96	2.24	238.30		0	0	11	12	0	37.19	102.86	0.8	0.5	5	0.1	2.5	2.5	0.9	0.99	0.5	0.1	0.9	15	-9	0.12	79.5	0.965	1	0	1	1	1	0	0	0
20201110	040400	1112	0.00	0.15	0.00	0.15	3	0.97	0.95	3576640000.00	2253600000000000.00		0	0	11	12	0	37.19	102.86	0.8	0.5	5	0.1	2.5	2.5	0.9	0.99	0.5	0.1	0.9	15	-9	0.12	79.5	0.965	1	0	1	1	1	0	0	0
20201110	040500	1112	0.00	0.15	0.00	0.15	3	0.97	0.95	14827700000.00	2252410000000000.00		0	0	11	12	0	37.19	102.86	0.8	0.5	5	0.1	2.5	2.5	0.9	0.99	0.5	0.1	0.9	15	-9	0.12	79.5	0.965	1	0	1	1	1	0	0	0
20201110	040600	1112	0.00	0.15	0.00	0.15	3	0.97	0.95	13722900000.00	2236080000000000.00		0	0	11	12	0	37.19	102.86	0.8	0.5	5	0.1	2.5	2.5	0.9	0.99	0.5	0.1	0.9	15	-9	0.12	79.5	0.965	1	0	1	1	1	0	0	0
20201110	040700	1112	0.00	0.15	0.00	0.15	3	0.97	0.96	7758120000.00	2250060000000000.00		0	0	11	12	0	37.19	102.86	0.8	0.5	5	0.1	2.5	2.5	0.9	0.99	0.5	0.1	0.9	15	-9	0.12	79.5	0.965	1	0	1	1	1	0	0	0
20201110	040800	1112	0.00	0.15	0.00	0.15	3	0.97	0.96	7567930000.00	2187330000000000.00		0	0	11	12	0	37.19	102.86	0.8	0.5	5	0.1	2.5	2.5	0.9	0.99	0.5	0.1	0.9	15	-9	0.12	79.5	0.965	1	0	1	1	1	0	0	0
20201110	040900	1112	0.00	0.15	0.00	0.15	3	0.97	0.96	449649000.00	1542250000000000.00		0	0	11	12	0	37.19	102.86	0.8	0.5	5	0.1	2.5	2.5	0.9	0.99	0.5	0.1	0.9	15	-9	0.12	79.5	0.965	1	0	1	1	1	0	0	0
20201110	041000	1112	0.00	0.15	0.00	0.15	3	0.97	0.96	848241000.00	1454690000000000.00		0	0	11	12	0	37.19	102.86	0.8	0.5	5	0.1	2.5	2.5	0.9	0.99	0.5	0.1	0.9	15	-9	0.12	79.5	0.965	1	0	1	1	1	0	0	0
20201110	041100	1112	0.00	0.15	0.00	0.15	3	0.97	0.98	5511870000.00	2184630000000000.00		0	0	11	12	0	37.19	102.86	0.8	0.5	5	0.1	2.5	2.5	0.9	0.99	0.5	0.1	0.9	15	-9	0.12	79.5	0.965	1	0	1	1	1	0	0	0
20201110	041200	1112	0.00	0.15	0.00	0.15	3	0.97	0.98	1949480000.00	2330060000000000.00		0	0	11	12	0	37.19	102.86	0.8	0.5	5	0.1	2.5	2.5	0.9	0.99	0.5	0.1	0.9	15	-9	0.12	79.5	0.965	1	0	1	1	1	0	0	0
20201110	041300	1112	0.00	0.15	0.00	0.15	3	0.97	0.96	2.24	312.50		0	0	11	12	0	37.19	102.86	0.8	0.5	5	0.1	2.5	2.5	0.9	0.99	0.5	0.1	0.9	15	-9	0.12	79.5	0.965	1	0	1	1	1	0	0	0
20201110	041400	1112	0.00	0.15	0.00	0.15	3	0.97	0.96	459632000.00	1576490000000000.00		0	0	11	12	0	37.19	102.86	0.8	0.5	5	0.1	2.5	2.5	0.9	0.99	0.5	0.1	0.9	15	-9	0.12	79.5	0.965	1	0	1	1	1	0	0	0
20201110	041500	1112	0.00	0.15	0.00	0.15	3	0.97	0.96	3117360000.00	2121360000000000.00		0	0	11	12	0	37.19	102.86	0.8	0.5	5	0.1	2.5	2.5	0.9	0.99	0.5	0.1	0.9	15	-9	0.12	79.5	0.965	1	0	1	1	1	0	0	0
20201110	041600	1112	0.00	0.15	0.00	0.15	3	0.97	0.96	2.24	2183.42		0	0	11	12	0	37.19	102.86	0.8	0.5	5	0.1	2.5	2.5	0.9	0.99	0.5	0.1	0.9	15	-9	0.12	79.5	0.965	1	0	1	1	1	0	0	0
20201110	041700	1112	0.00	0.15	0.00	0.15	3	0.97	0.96	449794000.00	1542750000000000.00		0	0	11	12	0	37.19	102.86	0.8	0.5	5	0.1	2.5	2.5	0.9	0.99	0.5	0.1	0.9	15	-9	0.12	79.5	0.965	1	0	1	1	1	0	0	0
20201110	041800	1112	0.00	0.16	0.00	0.16	3	0.97	0.95	10879000000.00	2151100000000000.00		0	0	11	12	0	37.19	102.86	0.8	0.5	5	0.1	2.5	2.5	0.9	0.99	0.5	0.1	0.9	15	-9	0.12	79.5	0.965	1	0	1	1	1	0	0	0
20201110	041900	1112	0.00	0.16	0.00	0.16	3	0.97	0.98	2.23	678.07		0	0	11	12	0	37.19	102.86	0.8	0.5	5	0.1	2.5	2.5	0.9	0.99	0.5	0.1	0.9	15	-9	0.12	79.5	0.965	1	0	1	1	1	0	0	0
20201110	042000	1112	0.00	0.16	0.00	0.16	3	0.97	0.98	463888000.00	1591090000000000.00		0	0	11	12	0	37.19	102.86	0.8	0.5	5	0.1	2.5	2.5	0.9	0.99	0.5	0.1	0.9	15	-9	0.12	79.5	0.965	1	0	1	1	1	0	0	0
20201110	042100	1112	0.00	0.16	0.00	0.16	3	0.97	0.97	2.22	17.06		0	0	11	12	0	37.19	102.86	0.8	0.5	5	0.1	2.5	2.5	0.9	0.99	0.5	0.1	0.9	15	-9	0.12	79.5	0.965	1	0	1	1	1	0	0	0
20201110	042200	1112	0.00	0.16	0.00	0.16	3	0.97	0.96	2.22	1497.54		0	0	11	12	0	37.19	102.86	0.8	0.5	5	0.1	2.5	2.5	0.9	0.99	0.5	0.1	0.9	15	-9	0.12	79.5	0.965	1	0	1	1	1	0	0	0
20201110	042300	1112	0.00	0.16	0.00	0.16	3	0.97	0.98	7366860000.00	2108690000000000.00		0	0	11	12	0	37.19	102.86	0.8	0.5	5	0.1	2.5	2.5	0.9	0.99	0.5	0.1	0.9	15	-9	0.12	79.5	0.965	1	0	1	1	1	0	0	0
20201110	042400	1112	0.00	0.16	0.00	0.16	3	0.97	0.98	2.22	320.31		0	0	11	12	0	37.19	102.86	0.8	0.5	5	0.1	2.5	2.5	0.9	0.99	0.5	0.1	0.9	15	-9	0.12	79.5	0.965	1	0	1	1	1	0	0	0
20201110	042500	1112	0.00	0.16	0.00	0.16	3	0.98	0.96	2.21	44.66		0	0	11	12	0	37.19	102.86	0.8	0.5	5	0.1	2.5	2.5	0.9	0.99	0.5	0.1	0.9	15	-9	0.12	79.5	0.965	1	0	1	1	1	0	0	0
20201110	042600	1112	0.00	0.16	0.00	0.16	3	0.98	0.98	2.21	46.25		0	0	11	12	0	37.19	102.86	0.8	0.5	5	0.1	2.5	2.5	0.9	0.99	0.5	0.1	0.9	15	-9	0.12	79.5	0.965	1	0	1	1	1	0	0	0
20201110	042700	1112	0.00	0.16	0.00	0.16	3	0.97	0.96	2.21	54.56		0	0	11	12	0	37.19	102.86	0.8	0.5	5	0.1	2.5	2.5	0.9	0.99	0.5	0.1	0.9	15	-9	0.12	79.5	0.965	1	0	1	1	1	0	0	0
20201110	042800	1112	0.00	0.16	0.00	0.16	3	0.98	0.97	2.21	32.14		0	0	11	12	0	37.19	102.86	0.8	0.5	5	0.1	2.5	2.5	0.9	0.99	0.5	0.1	0.9	15	-9	0.12	79.5	0.965	1	0	1	1	1	0	0	0
20201110	042900	1112	0.00	0.16	0.00	0.16	3	0.98	0.97	2.20	18.98		0	0	11	12	0	37.19	102.86	0.8	0.5	5	0.1	2.5	2.5	0.9	0.99	0.5	0.1	0.9	15	-9	0.12	79.5	0.965	1	0	1	1	1	0	0	0
20201110	043000	1112	0.00	0.16	0.00	0.16	3	0.98	0.98	2.20	90.85		0	0	11	12	0	37.19	102.86	0.8	0.5	5	0.1	2.5	2.5	0.9	0.99	0.5	0.1	0.9	15	-9	0.12	79.5	0.965	1	0	1	1	1	0	0	0
20201110	043100	1112	0.00	0.16	0.00	0.16	3	0.98	0.96	2.20	61.36		0	0	11	12	0	37.19	102.86	0.8	0.5	5	0.1	2.5	2.5	0.9	0.99	0.5	0.1	0.9	15	-9	0.12	79.5	0.965	1	0	1	1	1	0	0	0
20201110	043200	1112	0.00	0.16	0.00	0.16	3	0.98	0.96	2.20	471.50		0	0	11	12	0	37.19	102.86	0.8	0.5	5	0.1	2.5	2.5	0.9	0.99	0.5	0.1	0.9	15	-9	0.12	79.5	0.965	1	0	1	1	1	0	0	0
20201110	043300	1112	0.00	0.16	0.00	0.16	3	0.98	0.96	2.19	118.72		0	0	11	12	0	37.19	102.86	0.8	0.5	5	0.1	2.5	2.5	0.9	0.99	0.5	0.1	0.9	15	-9	0.12	79.5	0.965	1	0	1	1	1	0	0	0
20201110	043400	1112	0.00	0.16	0.00	0.16	3	0.98	0.98	2.19	13.96		0	0	11	12	0	37.19	102.86	0.8	0.5	5	0.1	2.5	2.5	0.9	0.99	0.5	0.1	0.9	15	-9	0.12	79.5	0.965	1	0	1	1	1	0	0	0
20201110	043500	1112	0.00	0.16	0.00	0.16	3	0.98	0.98	2.19	190.12		0	0	11	12	0	37.19	102.86	0.8	0.5	5	0.1	2.5	2.5	0.9	0.99	0.5	0.1	0.9	15	-9	0.12	79.5	0.965	1	0	1	1	1	0	0	0
20201110	043600	1112	0.00	0.16	0.00	0.16	3	0.98	0.98	2.20	738.11		0	0	11	12	0	37.19	102.86	0.8	0.5	5	0.1	2.5	2.5	0.9	0.99	0.5	0.1	0.9	15	-9	0.12	79.5	0.965	1	0	1	1	1	0	0	0
20201110	043700	1112	0.00	0.16	0.00	0.16	3	0.98	0.96	2.19	16.98		0	0	11	12	0	37.19	102.86	0.8	0.5	5	0.1	2.5	2.5	0.9	0.99	0.5	0.1	0.9	15	-9	0.12	79.5	0.965	1	0	1	1	1	0	0	0
20201110	043800	1112	0.00	0.16	0.00	0.16	3	0.98	0.96	2.19	43.09		0	0	11	12	0	37.19	102.86	0.8	0.5	5	0.1	2.5	2.5	0.9	0.99	0.5	0.1	0.9	15	-9	0.12	79.5	0.965	1	0	1	1	1	0	0	0
20201110	043900	1112	0.00	0.16	0.00	0.16	3	0.98	0.99	530614000.00	1819950000000000.00		0	0	11	12	0	37.19	102.86	0.8	0.5	5	0.1	2.5	2.5	0.9	0.99	0.5	0.1	0.9	15	-9	0.12	79.5	0.965	1	0	1	1	1	0	0	0
20201110	044000	1112	0.00	0.16	0.00	0.16	3	0.98	0.98	2.19	117.33		0	0	11	12	0	37.19	102.86	0.8	0.5	5	0.1	2.5	2.5	0.9	0.99	0.5	0.1	0.9	15	-9	0.12	79.5	0.965	1	0	1	1	1	0	0	0
20201110	044100	1112	0.00	0.16	0.00	0.16	3	0.98	0.96	2.19	815.76		0	0	11	12	0	37.19	102.86	0.8	0.5	5	0.1	2.5	2.5	0.9	0.99	0.5	0.1	0.9	15	-9	0.12	79.5	0.965	1	0	1	1	1	0	0	0
20201110	044200	1112	0.00	0.17	0.00	0.17	3	0.98	0.95	2.19	48.90		0	0	11	12	0	37.19	102.86	0.8	0.5	5	0.1	2.5	2.5	0.9	0.99	0.5	0.1	0.9	15	-9	0.12	79.5	0.965	1	0	1	1	1	0	0	0
20201110	044300	1112	0.00	0.17	0.00	0.17	3	0.98	0.96	2.19	272.48		0	0	11	12	0	37.19	102.86	0.8	0.5	5	0.1	2.5	2.5	0.9	0.99	0.5	0.1	0.9	15	-9	0.12	79.5	0.965	1	0	1	1	1	0	0	0
20201110	044400	1112	0.00	0.17	0.00	0.17	3	0.98	0.98	3682670000.00	2192450000000000.00		0	0	11	12	0	37.19	102.86	0.8	0.5	5	0.1	2.5	2.5	0.9	0.99	0.5	0.1	0.9	15	-9	0.12	79.5	0.965	1	0	1	1	1	0	0	0
20201110	044500	1112	0.00	0.17	0.00	0.17	3	0.98	0.98	2.19	14.43		0	0	11	12	0	37.19	102.86	0.8	0.5	5	0.1	2.5	2.5	0.9	0.99	0.5	0.1	0.9	15	-9	0.12	79.5	0.965	1	0	1	1	1	0	0	0
20201110	044600	1112	0.00	0.17	0.00	0.17	3	0.98	0.97	3210980000.00	2202670000000000.00		0	0	11	12	0	37.19	102.86	0.8	0.5	5	0.1	2.5	2.5	0.9	0.99	0.5	0.1	0.9	15	-9	0.12	79.5	0.965	1	0	1	1	1	0	0	0
20201110	044700	1112	0.00	0.16	0.00	0.16	3	0.98	0.99	2.19	46.97		0	0	11	12	0	37.19	102.86	0.8	0.5	5	0.1	2.5	2.5	0.9	0.99	0.5	0.1	0.9	15	-9	0.12	79.5	0.965	1	0	1	1	1	0	0	0
20201110	044800	1112	0.00	0.17	0.00	0.17	3	0.98	0.96	2.19	105.58		0	0	11	12	0	37.19	102.86	0.8	0.5	5	0.1	2.5	2.5	0.9	0.99	0.5	0.1	0.9	15	-9	0.12	79.5	0.965	1	0	1	1	1	0	0	0
20201110	044900	1112	0.00	0.17	0.00	0.17	3	0.98	0.96	2.19	10845.70		0	0	11	12	0	37.19	102.86	0.8	0.5	5	0.1	2.5	2.5	0.9	0.99	0.5	0.1	0.9	15	-9	0.12	79.5	0.965	1	0	1	1	1	0	0	0
20201110	045000	1112	0.00	0.17	0.00	0.17	3	0.98	0.96	2.18	7091.57		0	0	11	12	0	37.19	102.86	0.8	0.5	5	0.1	2.5	2.5	0.9	0.99	0.5	0.1	0.9	15	-9	0.12	79.5	0.965	1	0	1	1	1	0	0	0
20201110	045100	1112	0.00	0.17	0.00	0.17	3	0.98	0.98	2.18	22.75		0	0	11	12	0	37.19	102.86	0.8	0.5	5	0.1	2.5	2.5	0.9	0.99	0.5	0.1	0.9	15	-9	0.12	79.5	0.965	1	0	1	1	1	0	0	0
20201110	045200	1112	0.00	0.17	0.00	0.17	3	0.98	0.98	2.18	12.95		0	0	11	12	0	37.19	102.86	0.8	0.5	5	0.1	2.5	2.5	0.9	0.99	0.5	0.1	0.9	15	-9	0.12	79.5	0.965	1	0	1	1	1	0	0	0
20201110	045300	1112	0.00	0.17	0.00	0.17	3	0.98	0.98	487961000.00	1673660000000000.00		0	0	11	12	0	37.19	102.86	0.8	0.5	5	0.1	2.5	2.5	0.9	0.99	0.5	0.1	0.9	15	-9	0.12	79.5	0.965	1	0	1	1	1	0	0	0
20201110	045400	1112	0.00	0.17	0.00	0.17	3	0.98	0.97	2.18	62.58		0	0	11	12	0	37.19	102.86	0.8	0.5	5	0.1	2.5	2.5	0.9	0.99	0.5	0.1	0.9	15	-9	0.12	79.5	0.965	1	0	1	1	1	0	0	0
20201110	045500	1112	0.00	0.17	0.00	0.17	3	0.98	0.96	2.18	12.09		0	0	11	12	0	37.19	102.86	0.8	0.5	5	0.1	2.5	2.5	0.9	0.99	0.5	0.1	0.9	15	-9	0.12	79.5	0.965	1	0	1	1	1	0	0	0
20201110	045600	1112	1.00	0.17	0.00	0.17	3	0.98	0.96	2.18	129.24		0	0	11	12	0	37.19	102.86	0.8	0.5	5	0.1	2.5	2.5	0.9	0.99	0.5	0.1	0.9	15	-9	0.12	79.5	0.965	1	0	1	1	1	0	0	0
20201110	230000	1112	0.00	0.22	0.00	0.22	8	0.96	0.59	2.20	959.39		0	0	11	12	0	37.19	102.86	0.8	0.5	5	0.1	2.5	2.5	0.9	0.99	0.5	0.1	0.9	15	-9	0.12	79.5	0.965	1	0	1	1	1	0	0	0
20201110	230100	1112	0.00	0.19	0.00	0.19	8	0.98	0.65	1096770000.00	1253940000000000.00		0	0	11	12	0	37.19	102.86	0.8	0.5	5	0.1	2.5	2.5	0.9	0.99	0.5	0.1	0.9	15	-9	0.12	79.5	0.965	1	0	1	1	1	0	0	0
20201110	230200	1112	0.00	0.14	0.00	0.14	8	0.97	0.91	12527500000.00	1137080000000000.00		0	0	11	12	0	37.19	102.86	0.8	0.5	5	0.1	2.5	2.5	0.9	0.99	0.5	0.1	0.9	15	-9	0.12	79.5	0.965	1	0	1	1	1	0	0	0
20201110	230300	1112	0.00	0.11	0.00	0.11	8	0.97	0.94	11093100000.00	1238510000000000.00		0	0	11	12	0	37.19	102.86	0.8	0.5	5	0.1	2.5	2.5	0.9	0.99	0.5	0.1	0.9	15	-9	0.12	79.5	0.965	1	0	1	1	1	0	0	0
20201110	230400	1112	0.00	0.10	0.00	0.10	8	0.97	0.97	4177240000.00	1084420000000000.00		0	0	11	12	0	37.19	102.86	0.8	0.5	5	0.1	2.5	2.5	0.9	0.99	0.5	0.1	0.9	15	-9	0.12	79.5	0.965	1	0	1	1	1	0	0	0
20201110	230500	1112	0.00	0.11	0.00	0.11	8	0.97	0.99	46236200000.00	1280420000000000.00		0	0	11	12	0	37.19	102.86	0.8	0.5	5	0.1	2.5	2.5	0.9	0.99	0.5	0.1	0.9	15	-9	0.12	79.5	0.965	1	0	1	1	1	0	0	0
20201110	230600	1112	-2	-2	-2	-2	9	-2.00	1.00	28156800000.00	1337790000000000.00		0	0	11	12	0	37.19	102.86	0.8	0.5	5	0.1	2.5	2.5	0.9	0.99	0.5	0.1	0.9	15	-9	0.12	79.5	0.965	1	0	1	1	1	0	0	0
20201110	230700	1112	-2	-2	-2	-2	9	-2.00	1.00	21551000000.00	1221940000000000.00		0	0	11	12	0	37.19	102.86	0.8	0.5	5	0.1	2.5	2.5	0.9	0.99	0.5	0.1	0.9	15	-9	0.12	79.5	0.965	1	0	1	1	1	0	0	0
20201110	230800	1112	-2	-2	-2	-2	9	-2.00	1.00	5217920000.00	1412890000000000.00		0	0	11	12	0	37.19	102.86	0.8	0.5	5	0.1	2.5	2.5	0.9	0.99	0.5	0.1	0.9	15	-9	0.12	79.5	0.965	1	0	1	1	1	0	0	0
20201110	230900	1112	-2	-2	-2	-2	9	-2.00	1.00	3463020000.00	856205000000000.00		0	0	11	12	0	37.19	102.86	0.8	0.5	5	0.1	2.5	2.5	0.9	0.99	0.5	0.1	0.9	15	-9	0.12	79.5	0.965	1	0	1	1	1	0	0	0
20201110	231000	1112	-2	-2	-2	-2	9	-2.00	1.00	1.97	1753.66		0	0	11	12	0	37.19	102.86	0.8	0.5	5	0.1	2.5	2.5	0.9	0.99	0.5	0.1	0.9	15	-9	0.12	79.5	0.965	1	0	1	1	1	0	0	0
20201110	231100	1112	-2	-2	-2	-2	9	-2.00	1.00	1.91	78.69		0	0	11	12	0	37.19	102.86	0.8	0.5	5	0.1	2.5	2.5	0.9	0.99	0.5	0.1	0.9	15	-9	0.12	79.5	0.965	1	0	1	1	1	0	0	0
20201110	231200	1112	-2	-2	-2	-2	9	-2.00	1.00	1.94	295.96		0	0	11	12	0	37.19	102.86	0.8	0.5	5	0.1	2.5	2.5	0.9	0.99	0.5	0.1	0.9	15	-9	0.12	79.5	0.965	1	0	1	1	1	0	0	0
20201110	231300	1112	-2	-2	-2	-2	9	-2.00	1.00	2.08	749.94		0	0	11	12	0	37.19	102.86	0.8	0.5	5	0.1	2.5	2.5	0.9	0.99	0.5	0.1	0.9	15	-9	0.12	79.5	0.965	1	0	1	1	1	0	0	0
20201110	231400	1112	-2	-2	-2	-2	9	-2.00	1.00	2.04	820.31		0	0	11	12	0	37.19	102.86	0.8	0.5	5	0.1	2.5	2.5	0.9	0.99	0.5	0.1	0.9	15	-9	0.12	79.5	0.965	1	0	1	1	1	0	0	0
20201110	231500	1112	-2	-2	-2	-2	9	-2.00	1.00	2.06	345.47		0	0	11	12	0	37.19	102.86	0.8	0.5	5	0.1	2.5	2.5	0.9	0.99	0.5	0.1	0.9	15	-9	0.12	79.5	0.965	1	0	1	1	1	0	0	0
20201110	231600	1112	-2	-2	-2	-2	9	-2.00	1.00	2.26	554.03		0	0	11	12	0	37.19	102.86	0.8	0.5	5	0.1	2.5	2.5	0.9	0.99	0.5	0.1	0.9	15	-9	0.12	79.5	0.965	1	0	1	1	1	0	0	0
20201110	231700	1112	-2	-2	-2	-2	9	-2.00	1.00	2.20	204.01		0	0	11	12	0	37.19	102.86	0.8	0.5	5	0.1	2.5	2.5	0.9	0.99	0.5	0.1	0.9	15	-9	0.12	79.5	0.965	1	0	1	1	1	0	0	0
20201110	231800	1112	-2	-2	-2	-2	9	-2.00	1.00	1707820000.00	1952560000000000.00		0	0	11	12	0	37.19	102.86	0.8	0.5	5	0.1	2.5	2.5	0.9	0.99	0.5	0.1	0.9	15	-9	0.12	79.5	0.965	1	0	1	1	1	0	0	0
20201110	231900	1112	-2	-2	-2	-2	9	-2.00	1.00	2.14	668.76		0	0	11	12	0	37.19	102.86	0.8	0.5	5	0.1	2.5	2.5	0.9	0.99	0.5	0.1	0.9	15	-9	0.12	79.5	0.965	1	0	1	1	1	0	0	0
20201110	232000	1112	-2	-2	-2	-2	9	-2.00	1.00	1512280000.00	1728990000000000.00		0	0	11	12	0	37.19	102.86	0.8	0.5	5	0.1	2.5	2.5	0.9	0.99	0.5	0.1	0.9	15	-9	0.12	79.5	0.965	1	0	1	1	1	0	0	0
20201110	232100	1112	-2	-2	-2	-2	9	-2.00	1.00	2922680000.00	1783980000000000.00		0	0	11	12	0	37.19	102.86	0.8	0.5	5	0.1	2.5	2.5	0.9	0.99	0.5	0.1	0.9	15	-9	0.12	79.5	0.965	1	0	1	1	1	0	0	0
20201110	232200	1112	-2	-2	-2	-2	9	-2.00	1.00	1101950000.00	1259860000000000.00		0	0	11	12	0	37.19	102.86	0.8	0.5	5	0.1	2.5	2.5	0.9	0.99	0.5	0.1	0.9	15	-9	0.12	79.5	0.965	1	0	1	1	1	0	0	0
20201110	232300	1112	-2	-2	-2	-2	9	-2.00	1.00	1180690000.00	1349890000000000.00		0	0	11	12	0	37.19	102.86	0.8	0.5	5	0.1	2.5	2.5	0.9	0.99	0.5	0.1	0.9	15	-9	0.12	79.5	0.965	1	0	1	1	1	0	0	0
20201110	232400	1112	-2	-2	-2	-2	9	-2.00	1.00	2167440000.00	1825930000000000.00		0	0	11	12	0	37.19	102.86	0.8	0.5	5	0.1	2.5	2.5	0.9	0.99	0.5	0.1	0.9	15	-9	0.12	79.5	0.965	1	0	1	1	1	0	0	0
20201110	232500	1112	-2	-2	-2	-2	9	-2.00	1.00	2481950000.00	2003160000000000.00		0	0	11	12	0	37.19	102.86	0.8	0.5	5	0.1	2.5	2.5	0.9	0.99	0.5	0.1	0.9	15	-9	0.12	79.5	0.965	1	0	1	1	1	0	0	0
20201110	232600	1112	-2	-2	-2	-2	9	-2.00	1.00	4501520000.00	1905380000000000.00		0	0	11	12	0	37.19	102.86	0.8	0.5	5	0.1	2.5	2.5	0.9	0.99	0.5	0.1	0.9	15	-9	0.12	79.5	0.965	1	0	1	1	1	0	0	0
20201110	232700	1112	-2	-2	-2	-2	9	-2.00	1.00	2072760000.00	1861150000000000.00		0	0	11	12	0	37.19	102.86	0.8	0.5	5	0.1	2.5	2.5	0.9	0.99	0.5	0.1	0.9	15	-9	0.12	79.5	0.965	1	0	1	1	1	0	0	0
20201110	232800	1112	-2	-2	-2	-2	9	-2.00	1.00	4235400000.00	1929420000000000.00		0	0	11	12	0	37.19	102.86	0.8	0.5	5	0.1	2.5	2.5	0.9	0.99	0.5	0.1	0.9	15	-9	0.12	79.5	0.965	1	0	1	1	1	0	0	0
20201110	232900	1112	-2	-2	-2	-2	9	-2.00	1.00	10010700000.00	1466280000000000.00		0	0	11	12	0	37.19	102.86	0.8	0.5	5	0.1	2.5	2.5	0.9	0.99	0.5	0.1	0.9	15	-9	0.12	79.5	0.965	1	0	1	1	1	0	0	0
20201110	233000	1112	-2	-2	-2	-2	9	-2.00	1.00	42752700000.00	1400450000000000.00		0	0	11	12	0	37.19	102.86	0.8	0.5	5	0.1	2.5	2.5	0.9	0.99	0.5	0.1	0.9	15	-9	0.12	79.5	0.965	1	0	1	1	1	0	0	0
20201110	233100	1112	-2	-2	-2	-2	9	-2.00	1.00	26924800000.00	1427000000000000.00		0	0	11	12	0	37.19	102.86	0.8	0.5	5	0.1	2.5	2.5	0.9	0.99	0.5	0.1	0.9	15	-9	0.12	79.5	0.965	1	0	1	1	1	0	0	0
20201110	233200	1112	-2	-2	-2	-2	9	-2.00	1.00	30749800000.00	1341670000000000.00		0	0	11	12	0	37.19	102.86	0.8	0.5	5	0.1	2.5	2.5	0.9	0.99	0.5	0.1	0.9	15	-9	0.12	79.5	0.965	1	0	1	1	1	0	0	0
20201110	233300	1112	-2	-2	-2	-2	9	-2.00	1.00	40189000000.00	1493490000000000.00		0	0	11	12	0	37.19	102.86	0.8	0.5	5	0.1	2.5	2.5	0.9	0.99	0.5	0.1	0.9	15	-9	0.12	79.5	0.965	1	0	1	1	1	0	0	0
20201110	233400	1112	-2	-2	-2	-2	9	-2.00	1.00	65248700000.00	1526350000000000.00		0	0	11	12	0	37.19	102.86	0.8	0.5	5	0.1	2.5	2.5	0.9	0.99	0.5	0.1	0.9	15	-9	0.12	79.5	0.965	1	0	1	1	1	0	0	0
20201110	233500	1112	-2	-2	-2	-2	9	-2.00	1.00	60684700000.00	1537040000000000.00		0	0	11	12	0	37.19	102.86	0.8	0.5	5	0.1	2.5	2.5	0.9	0.99	0.5	0.1	0.9	15	-9	0.12	79.5	0.965	1	0	1	1	1	0	0	0
20201110	233600	1112	-2	-2	-2	-2	9	-2.00	1.00	55126200000.00	1346830000000000.00		0	0	11	12	0	37.19	102.86	0.8	0.5	5	0.1	2.5	2.5	0.9	0.99	0.5	0.1	0.9	15	-9	0.12	79.5	0.965	1	0	1	1	1	0	0	0
20201110	233700	1112	-2	-2	-2	-2	9	-2.00	1.00	60257600000.00	1418720000000000.00		0	0	11	12	0	37.19	102.86	0.8	0.5	5	0.1	2.5	2.5	0.9	0.99	0.5	0.1	0.9	15	-9	0.12	79.5	0.965	1	0	1	1	1	0	0	0
20201110	233800	1112	-2	-2	-2	-2	9	-2.00	1.00	45460700000.00	1375290000000000.00		0	0	11	12	0	37.19	102.86	0.8	0.5	5	0.1	2.5	2.5	0.9	0.99	0.5	0.1	0.9	15	-9	0.12	79.5	0.965	1	0	1	1	1	0	0	0
20201110	233900	1112	-2	-2	-2	-2	9	-2.00	1.00	54423100000.00	1501830000000000.00		0	0	11	12	0	37.19	102.86	0.8	0.5	5	0.1	2.5	2.5	0.9	0.99	0.5	0.1	0.9	15	-9	0.12	79.5	0.965	1	0	1	1	1	0	0	0
20201110	234000	1112	-2	-2	-2	-2	9	-2.00	1.00	77773500000.00	1447340000000000.00		0	0	11	12	0	37.19	102.86	0.8	0.5	5	0.1	2.5	2.5	0.9	0.99	0.5	0.1	0.9	15	-9	0.12	79.5	0.965	1	0	1	1	1	0	0	0
20201110	234100	1112	-2	-2	-2	-2	9	-2.00	1.00	83464900000.00	1481950000000000.00		0	0	11	12	0	37.19	102.86	0.8	0.5	5	0.1	2.5	2.5	0.9	0.99	0.5	0.1	0.9	15	-9	0.12	79.5	0.965	1	0	1	1	1	0	0	0
20201110	234200	1112	-2	-2	-2	-2	9	-2.00	1.00	83733900000.00	1563780000000000.00		0	0	11	12	0	37.19	102.86	0.8	0.5	5	0.1	2.5	2.5	0.9	0.99	0.5	0.1	0.9	15	-9	0.12	79.5	0.965	1	0	1	1	1	0	0	0
20201110	234300	1112	-2	-2	-2	-2	9	-2.00	1.00	97395500000.00	1548760000000000.00		0	0	11	12	0	37.19	102.86	0.8	0.5	5	0.1	2.5	2.5	0.9	0.99	0.5	0.1	0.9	15	-9	0.12	79.5	0.965	1	0	1	1	1	0	0	0
20201110	234400	1112	-2	-2	-2	-2	9	-2.00	1.00	78820900000.00	1516190000000000.00		0	0	11	12	0	37.19	102.86	0.8	0.5	5	0.1	2.5	2.5	0.9	0.99	0.5	0.1	0.9	15	-9	0.12	79.5	0.965	1	0	1	1	1	0	0	0
20201110	234500	1112	-2	-2	-2	-2	9	-2.00	1.00	83377000000.00	1551690000000000.00		0	0	11	12	0	37.19	102.86	0.8	0.5	5	0.1	2.5	2.5	0.9	0.99	0.5	0.1	0.9	15	-9	0.12	79.5	0.965	1	0	1	1	1	0	0	0
20201110	234600	1112	-2	-2	-2	-2	9	-2.00	1.00	88846600000.00	1362010000000000.00		0	0	11	12	0	37.19	102.86	0.8	0.5	5	0.1	2.5	2.5	0.9	0.99	0.5	0.1	0.9	15	-9	0.12	79.5	0.965	1	0	1	1	1	0	0	0
20201110	234700	1112	-2	-2	-2	-2	9	-2.00	1.00	112798000000.00	1506040000000000.00		0	0	11	12	0	37.19	102.86	0.8	0.5	5	0.1	2.5	2.5	0.9	0.99	0.5	0.1	0.9	15	-9	0.12	79.5	0.965	1	0	1	1	1	0	0	0
20201110	234800	1112	-2	-2	-2	-2	9	-2.00	1.00	103057000000.00	1522520000000000.00		0	0	11	12	0	37.19	102.86	0.8	0.5	5	0.1	2.5	2.5	0.9	0.99	0.5	0.1	0.9	15	-9	0.12	79.5	0.965	1	0	1	1	1	0	0	0
20201110	234900	1112	-2	-2	-2	-2	9	-2.00	1.00	103437000000.00	1367810000000000.00		0	0	11	12	0	37.19	102.86	0.8	0.5	5	0.1	2.5	2.5	0.9	0.99	0.5	0.1	0.9	15	-9	0.12	79.5	0.965	1	0	1	1	1	0	0	0
20201110	235000	1112	-2	-2	-2	-2	9	-2.00	1.00	105897000000.00	1454050000000000.00		0	0	11	12	0	37.19	102.86	0.8	0.5	5	0.1	2.5	2.5	0.9	0.99	0.5	0.1	0.9	15	-9	0.12	79.5	0.965	1	0	1	1	1	0	0	0
20201110	235100	1112	-2	-2	-2	-2	9	-2.00	1.00	106676000000.00	1495300000000000.00		0	0	11	12	0	37.19	102.86	0.8	0.5	5	0.1	2.5	2.5	0.9	0.99	0.5	0.1	0.9	15	-9	0.12	79.5	0.965	1	0	1	1	1	0	0	0
20201110	235200	1112	-2	-2	-2	-2	9	-2.00	1.00	114326000000.00	1531130000000000.00		0	0	11	12	0	37.19	102.86	0.8	0.5	5	0.1	2.5	2.5	0.9	0.99	0.5	0.1	0.9	15	-9	0.12	79.5	0.965	1	0	1	1	1	0	0	0
20201110	235300	1112	-2	-2	-2	-2	9	-2.00	1.00	122266000000.00	1577590000000000.00		0	0	11	12	0	37.19	102.86	0.8	0.5	5	0.1	2.5	2.5	0.9	0.99	0.5	0.1	0.9	15	-9	0.12	79.5	0.965	1	0	1	1	1	0	0	0
20201110	235400	1112	-2	-2	-2	-2	9	-2.00	1.00	116508000000.00	1571510000000000.00		0	0	11	12	0	37.19	102.86	0.8	0.5	5	0.1	2.5	2.5	0.9	0.99	0.5	0.1	0.9	15	-9	0.12	79.5	0.965	1	0	1	1	1	0	0	0
20201110	235500	1112	-2	-2	-2	-2	9	-2.00	1.00	99767800000.00	1605390000000000.00		0	0	11	12	0	37.19	102.86	0.8	0.5	5	0.1	2.5	2.5	0.9	0.99	0.5	0.1	0.9	15	-9	0.12	79.5	0.965	1	0	1	1	1	0	0	0
20201110	235600	1112	-2	-2	-2	-2	9	-2.00	1.00	112519000000.00	1689160000000000.00		0	0	11	12	0	37.19	102.86	0.8	0.5	5	0.1	2.5	2.5	0.9	0.99	0.5	0.1	0.9	15	-9	0.12	79.5	0.965	1	0	1	1	1	0	0	0
20201110	235700	1112	-2	-2	-2	-2	9	-2.00	1.00	134491000000.00	1681580000000000.00		0	0	11	12	0	37.19	102.86	0.8	0.5	5	0.1	2.5	2.5	0.9	0.99	0.5	0.1	0.9	15	-9	0.12	79.5	0.965	1	0	1	1	1	0	0	0
20201110	235800	1112	-2	-2	-2	-2	9	-2.00	1.00	21739200000.00	1391760000000000.00		0	0	11	12	0	37.19	102.86	0.8	0.5	5	0.1	2.5	2.5	0.9	0.99	0.5	0.1	0.9	15	-9	0.12	79.5	0.965	1	0	1	1	1	0	0	0
20201110	235900	1112	-2	-2	-2	-2	9	-2.00	1.00	5001010000.00	1145420000000000.00		0	0	11	12	0	37.19	102.86	0.8	0.5	5	0.1	2.5	2.5	0.9	0.99	0.5	0.1	0.9	15	-9	0.12	79.5	0.965	1	0	1	1	1	0	0	0
