%[yyyymmdd]	[HHMMSS]	 Relative Cloudiness
%date	time	Ext	BRBG	CDOC	thick	thin	sun	hcf	BRmin	BRmid	Brmax	center_x	center_y	ext_ne	ext_ue	imagesize	latitude	longitude	level_brightpix	level_circle_ratio	level_bright_ratio	level_clear_sky	level_ne	level_ue	level_object_ratio	level_sunpix	level_thick_clouds	level_thin_clouds	level_mask_csi	o_min_size	offset_Angle	rad_sunmask	zenith_angle	rad_zero	use_horizon	use_sunmask	use_sunpix	use_brg	use_cdoc	write_sunpix	merge_sunmask	use_underexposed
20191104	000200	1112	-2	-2	-2	-2	9	-2.00	1.00	22286700000.00	1421540000000000.00		0	0	11	12	0	37.19	102.86	0.8	0.5	5	0.1	2.5	2.5	0.9	0.99	0.5	0.1	0.9	15	-9	0.12	79.5	0.965	1	0	1	1	1	0	0	0
20191104	000300	1112	-2	-2	-2	-2	9	-2.00	1.00	26305000000.00	1385670000000000.00		0	0	11	12	0	37.19	102.86	0.8	0.5	5	0.1	2.5	2.5	0.9	0.99	0.5	0.1	0.9	15	-9	0.12	79.5	0.965	1	0	1	1	1	0	0	0
20191104	000400	1112	-2	-2	-2	-2	9	-2.00	1.00	25949900000.00	1254220000000000.00		0	0	11	12	0	37.19	102.86	0.8	0.5	5	0.1	2.5	2.5	0.9	0.99	0.5	0.1	0.9	15	-9	0.12	79.5	0.965	1	0	1	1	1	0	0	0
20191104	000500	1112	-2	-2	-2	-2	9	-2.00	1.00	31070100000.00	1188370000000000.00		0	0	11	12	0	37.19	102.86	0.8	0.5	5	0.1	2.5	2.5	0.9	0.99	0.5	0.1	0.9	15	-9	0.12	79.5	0.965	1	0	1	1	1	0	0	0
20191104	000600	1112	-2	-2	-2	-2	9	-2.00	1.00	27344100000.00	1230890000000000.00		0	0	11	12	0	37.19	102.86	0.8	0.5	5	0.1	2.5	2.5	0.9	0.99	0.5	0.1	0.9	15	-9	0.12	79.5	0.965	1	0	1	1	1	0	0	0
20191104	000700	1112	-2	-2	-2	-2	9	-2.00	1.00	25696300000.00	1226780000000000.00		0	0	11	12	0	37.19	102.86	0.8	0.5	5	0.1	2.5	2.5	0.9	0.99	0.5	0.1	0.9	15	-9	0.12	79.5	0.965	1	0	1	1	1	0	0	0
20191104	000800	1112	-2	-2	-2	-2	9	-2.00	1.00	30582100000.00	1332010000000000.00		0	0	11	12	0	37.19	102.86	0.8	0.5	5	0.1	2.5	2.5	0.9	0.99	0.5	0.1	0.9	15	-9	0.12	79.5	0.965	1	0	1	1	1	0	0	0
20191104	001000	1112	-2	-2	-2	-2	9	-2.00	1.00	31123200000.00	1293220000000000.00		0	0	11	12	0	37.19	102.86	0.8	0.5	5	0.1	2.5	2.5	0.9	0.99	0.5	0.1	0.9	15	-9	0.12	79.5	0.965	1	0	1	1	1	0	0	0
20191104	001100	1112	-2	-2	-2	-2	9	-2.00	1.00	40619000000.00	1507220000000000.00		0	0	11	12	0	37.19	102.86	0.8	0.5	5	0.1	2.5	2.5	0.9	0.99	0.5	0.1	0.9	15	-9	0.12	79.5	0.965	1	0	1	1	1	0	0	0
20191104	001200	1112	-2	-2	-2	-2	9	-2.00	1.00	37170700000.00	1279100000000000.00		0	0	11	12	0	37.19	102.86	0.8	0.5	5	0.1	2.5	2.5	0.9	0.99	0.5	0.1	0.9	15	-9	0.12	79.5	0.965	1	0	1	1	1	0	0	0
20191104	001300	1112	-2	-2	-2	-2	9	-2.00	1.00	33542800000.00	1367460000000000.00		0	0	11	12	0	37.19	102.86	0.8	0.5	5	0.1	2.5	2.5	0.9	0.99	0.5	0.1	0.9	15	-9	0.12	79.5	0.965	1	0	1	1	1	0	0	0
20191104	001400	1112	-2	-2	-2	-2	9	-2.00	1.00	30902100000.00	1300530000000000.00		0	0	11	12	0	37.19	102.86	0.8	0.5	5	0.1	2.5	2.5	0.9	0.99	0.5	0.1	0.9	15	-9	0.12	79.5	0.965	1	0	1	1	1	0	0	0
20191104	001500	1112	-2	-2	-2	-2	9	-2.00	1.00	38049200000.00	1479170000000000.00		0	0	11	12	0	37.19	102.86	0.8	0.5	5	0.1	2.5	2.5	0.9	0.99	0.5	0.1	0.9	15	-9	0.12	79.5	0.965	1	0	1	1	1	0	0	0
20191104	001600	1112	-2	-2	-2	-2	9	-2.00	1.00	40330700000.00	1548550000000000.00		0	0	11	12	0	37.19	102.86	0.8	0.5	5	0.1	2.5	2.5	0.9	0.99	0.5	0.1	0.9	15	-9	0.12	79.5	0.965	1	0	1	1	1	0	0	0
20191104	001700	1112	-2	-2	-2	-2	9	-2.00	1.00	36277300000.00	1430630000000000.00		0	0	11	12	0	37.19	102.86	0.8	0.5	5	0.1	2.5	2.5	0.9	0.99	0.5	0.1	0.9	15	-9	0.12	79.5	0.965	1	0	1	1	1	0	0	0
20191104	001800	1112	-2	-2	-2	-2	9	-2.00	1.00	34728600000.00	1454060000000000.00		0	0	11	12	0	37.19	102.86	0.8	0.5	5	0.1	2.5	2.5	0.9	0.99	0.5	0.1	0.9	15	-9	0.12	79.5	0.965	1	0	1	1	1	0	0	0
20191104	001900	1112	-2	-2	-2	-2	9	-2.00	1.00	35642200000.00	1430630000000000.00		0	0	11	12	0	37.19	102.86	0.8	0.5	5	0.1	2.5	2.5	0.9	0.99	0.5	0.1	0.9	15	-9	0.12	79.5	0.965	1	0	1	1	1	0	0	0
20191104	000900	1112	-2	-2	-2	-2	9	-2.00	1.00	25024500000.00	1376390000000000.00		0	0	11	12	0	37.19	102.86	0.8	0.5	5	0.1	2.5	2.5	0.9	0.99	0.5	0.1	0.9	15	-9	0.12	79.5	0.965	1	0	1	1	1	0	0	0
20191104	002000	1112	-2	-2	-2	-2	9	-2.00	1.00	26361700000.00	1394600000000000.00		0	0	11	12	0	37.19	102.86	0.8	0.5	5	0.1	2.5	2.5	0.9	0.99	0.5	0.1	0.9	15	-9	0.12	79.5	0.965	1	0	1	1	1	0	0	0
20191104	002100	1112	-2	-2	-2	-2	9	-2.00	1.00	11995600000.00	1410220000000000.00		0	0	11	12	0	37.19	102.86	0.8	0.5	5	0.1	2.5	2.5	0.9	0.99	0.5	0.1	0.9	15	-9	0.12	79.5	0.965	1	0	1	1	1	0	0	0
20191104	002200	1112	-2	-2	-2	-2	9	-2.00	1.00	29450200000.00	1459000000000000.00		0	0	11	12	0	37.19	102.86	0.8	0.5	5	0.1	2.5	2.5	0.9	0.99	0.5	0.1	0.9	15	-9	0.12	79.5	0.965	1	0	1	1	1	0	0	0
20191104	002300	1112	-2	-2	-2	-2	9	-2.00	1.00	18364400000.00	1567870000000000.00		0	0	11	12	0	37.19	102.86	0.8	0.5	5	0.1	2.5	2.5	0.9	0.99	0.5	0.1	0.9	15	-9	0.12	79.5	0.965	1	0	1	1	1	0	0	0
20191104	002400	1112	-2	-2	-2	-2	9	-2.00	1.00	21664800000.00	1523130000000000.00		0	0	11	12	0	37.19	102.86	0.8	0.5	5	0.1	2.5	2.5	0.9	0.99	0.5	0.1	0.9	15	-9	0.12	79.5	0.965	1	0	1	1	1	0	0	0
20191104	002500	1112	-2	-2	-2	-2	9	-2.00	1.00	14367000000.00	1556030000000000.00		0	0	11	12	0	37.19	102.86	0.8	0.5	5	0.1	2.5	2.5	0.9	0.99	0.5	0.1	0.9	15	-9	0.12	79.5	0.965	1	0	1	1	1	0	0	0
20191104	002600	1112	-2	-2	-2	-2	9	-2.00	1.00	7664890000.00	1559910000000000.00		0	0	11	12	0	37.19	102.86	0.8	0.5	5	0.1	2.5	2.5	0.9	0.99	0.5	0.1	0.9	15	-9	0.12	79.5	0.965	1	0	1	1	1	0	0	0
20191104	002700	1112	-2	-2	-2	-2	9	-2.00	1.00	12166500000.00	1522320000000000.00		0	0	11	12	0	37.19	102.86	0.8	0.5	5	0.1	2.5	2.5	0.9	0.99	0.5	0.1	0.9	15	-9	0.12	79.5	0.965	1	0	1	1	1	0	0	0
20191104	002800	1112	-2	-2	-2	-2	9	-2.00	1.00	20347600000.00	1616440000000000.00		0	0	11	12	0	37.19	102.86	0.8	0.5	5	0.1	2.5	2.5	0.9	0.99	0.5	0.1	0.9	15	-9	0.12	79.5	0.965	1	0	1	1	1	0	0	0
20191104	002900	1112	-2	-2	-2	-2	9	-2.00	1.00	21693200000.00	1563280000000000.00		0	0	11	12	0	37.19	102.86	0.8	0.5	5	0.1	2.5	2.5	0.9	0.99	0.5	0.1	0.9	15	-9	0.12	79.5	0.965	1	0	1	1	1	0	0	0
20191104	003000	1112	-2	-2	-2	-2	9	-2.00	1.00	33540700000.00	1536970000000000.00		0	0	11	12	0	37.19	102.86	0.8	0.5	5	0.1	2.5	2.5	0.9	0.99	0.5	0.1	0.9	15	-9	0.12	79.5	0.965	1	0	1	1	1	0	0	0
20191104	003100	1112	-2	-2	-2	-2	9	-2.00	1.00	18511600000.00	1434960000000000.00		0	0	11	12	0	37.19	102.86	0.8	0.5	5	0.1	2.5	2.5	0.9	0.99	0.5	0.1	0.9	15	-9	0.12	79.5	0.965	1	0	1	1	1	0	0	0
20191104	003200	1112	-2	-2	-2	-2	9	-2.00	1.00	6021190000.00	1514020000000000.00		0	0	11	12	0	37.19	102.86	0.8	0.5	5	0.1	2.5	2.5	0.9	0.99	0.5	0.1	0.9	15	-9	0.12	79.5	0.965	1	0	1	1	1	0	0	0
20191104	003300	1112	-2	-2	-2	-2	9	-2.00	1.00	7233700000.00	1435830000000000.00		0	0	11	12	0	37.19	102.86	0.8	0.5	5	0.1	2.5	2.5	0.9	0.99	0.5	0.1	0.9	15	-9	0.12	79.5	0.965	1	0	1	1	1	0	0	0
20191104	003400	1112	-2	-2	-2	-2	9	-2.00	1.00	16139500000.00	1644180000000000.00		0	0	11	12	0	37.19	102.86	0.8	0.5	5	0.1	2.5	2.5	0.9	0.99	0.5	0.1	0.9	15	-9	0.12	79.5	0.965	1	0	1	1	1	0	0	0
20191104	003500	1112	-2	-2	-2	-2	9	-2.00	1.00	21569100000.00	1547920000000000.00		0	0	11	12	0	37.19	102.86	0.8	0.5	5	0.1	2.5	2.5	0.9	0.99	0.5	0.1	0.9	15	-9	0.12	79.5	0.965	1	0	1	1	1	0	0	0
20191104	003600	1112	-2	-2	-2	-2	9	-2.00	1.00	14101600000.00	1630460000000000.00		0	0	11	12	0	37.19	102.86	0.8	0.5	5	0.1	2.5	2.5	0.9	0.99	0.5	0.1	0.9	15	-9	0.12	79.5	0.965	1	0	1	1	1	0	0	0
20191104	003700	1112	-2	-2	-2	-2	9	-2.00	1.00	17986200000.00	1751020000000000.00		0	0	11	12	0	37.19	102.86	0.8	0.5	5	0.1	2.5	2.5	0.9	0.99	0.5	0.1	0.9	15	-9	0.12	79.5	0.965	1	0	1	1	1	0	0	0
20191104	003800	1112	0.00	0.04	0.00	0.04	8	0.92	0.95	32168100000.00	1719800000000000.00		0	0	11	12	0	37.19	102.86	0.8	0.5	5	0.1	2.5	2.5	0.9	0.99	0.5	0.1	0.9	15	-9	0.12	79.5	0.965	1	0	1	1	1	0	0	0
20191104	003900	1112	0.00	0.04	0.00	0.04	0	0.92	0.90	24102400000.00	1686260000000000.00		0	0	11	12	0	37.19	102.86	0.8	0.5	5	0.1	2.5	2.5	0.9	0.99	0.5	0.1	0.9	15	-9	0.12	79.5	0.965	1	0	1	1	1	0	0	0
20191104	004000	1112	0.00	0.04	0.00	0.04	0	0.92	0.89	26459400000.00	1621940000000000.00		0	0	11	12	0	37.19	102.86	0.8	0.5	5	0.1	2.5	2.5	0.9	0.99	0.5	0.1	0.9	15	-9	0.12	79.5	0.965	1	0	1	1	1	0	0	0
20191104	004100	1112	0.00	0.04	0.00	0.04	0	0.91	0.81	7250020000.00	1527410000000000.00		0	0	11	12	0	37.19	102.86	0.8	0.5	5	0.1	2.5	2.5	0.9	0.99	0.5	0.1	0.9	15	-9	0.12	79.5	0.965	1	0	1	1	1	0	0	0
20191104	004200	1112	0.00	0.04	0.00	0.04	0	0.91	0.80	11402800000.00	1587060000000000.00		0	0	11	12	0	37.19	102.86	0.8	0.5	5	0.1	2.5	2.5	0.9	0.99	0.5	0.1	0.9	15	-9	0.12	79.5	0.965	1	0	1	1	1	0	0	0
20191104	004300	1112	0.00	0.04	0.00	0.04	0	0.91	0.90	38204600000.00	1766260000000000.00		0	0	11	12	0	37.19	102.86	0.8	0.5	5	0.1	2.5	2.5	0.9	0.99	0.5	0.1	0.9	15	-9	0.12	79.5	0.965	1	0	1	1	1	0	0	0
20191104	004400	1112	0.00	0.04	0.00	0.04	0	0.91	0.89	17077800000.00	1516650000000000.00		0	0	11	12	0	37.19	102.86	0.8	0.5	5	0.1	2.5	2.5	0.9	0.99	0.5	0.1	0.9	15	-9	0.12	79.5	0.965	1	0	1	1	1	0	0	0
20191104	004500	1112	0.00	0.04	0.00	0.04	0	0.91	0.94	18665800000.00	1676180000000000.00		0	0	11	12	0	37.19	102.86	0.8	0.5	5	0.1	2.5	2.5	0.9	0.99	0.5	0.1	0.9	15	-9	0.12	79.5	0.965	1	0	1	1	1	0	0	0
20191104	004600	1112	0.00	0.04	0.00	0.04	5	0.91	0.92	18021000000.00	1708930000000000.00		0	0	11	12	0	37.19	102.86	0.8	0.5	5	0.1	2.5	2.5	0.9	0.99	0.5	0.1	0.9	15	-9	0.12	79.5	0.965	1	0	1	1	1	0	0	0
20191104	004700	1112	0.00	0.04	0.00	0.04	0	0.90	0.98	19801200000.00	1669130000000000.00		0	0	11	12	0	37.19	102.86	0.8	0.5	5	0.1	2.5	2.5	0.9	0.99	0.5	0.1	0.9	15	-9	0.12	79.5	0.965	1	0	1	1	1	0	0	0
20191104	004800	1112	0.00	0.04	0.00	0.04	0	0.90	0.99	26699400000.00	1696640000000000.00		0	0	11	12	0	37.19	102.86	0.8	0.5	5	0.1	2.5	2.5	0.9	0.99	0.5	0.1	0.9	15	-9	0.12	79.5	0.965	1	0	1	1	1	0	0	0
20191104	004900	1112	0.01	0.04	0.00	0.04	0	0.90	0.97	23525800000.00	1619270000000000.00		0	0	11	12	0	37.19	102.86	0.8	0.5	5	0.1	2.5	2.5	0.9	0.99	0.5	0.1	0.9	15	-9	0.12	79.5	0.965	1	0	1	1	1	0	0	0
20191104	005000	1112	0.01	0.04	0.00	0.04	0	0.90	0.98	20206700000.00	1603600000000000.00		0	0	11	12	0	37.19	102.86	0.8	0.5	5	0.1	2.5	2.5	0.9	0.99	0.5	0.1	0.9	15	-9	0.12	79.5	0.965	1	0	1	1	1	0	0	0
20191104	005100	1112	0.01	0.04	0.00	0.04	3	0.90	0.97	24761000000.00	1756870000000000.00		0	0	11	12	0	37.19	102.86	0.8	0.5	5	0.1	2.5	2.5	0.9	0.99	0.5	0.1	0.9	15	-9	0.12	79.5	0.965	1	0	1	1	1	0	0	0
20191104	005200	1112	0.01	0.04	0.00	0.04	0	0.90	1.00	15824600000.00	1676800000000000.00		0	0	11	12	0	37.19	102.86	0.8	0.5	5	0.1	2.5	2.5	0.9	0.99	0.5	0.1	0.9	15	-9	0.12	79.5	0.965	1	0	1	1	1	0	0	0
20191104	005300	1112	-2	-2	-2	-2	9	-2.00	1.00	20170000000.00	1803250000000000.00		0	0	11	12	0	37.19	102.86	0.8	0.5	5	0.1	2.5	2.5	0.9	0.99	0.5	0.1	0.9	15	-9	0.12	79.5	0.965	1	0	1	1	1	0	0	0
20191104	005400	1112	-2	-2	-2	-2	9	-2.00	1.00	24084000000.00	1643150000000000.00		0	0	11	12	0	37.19	102.86	0.8	0.5	5	0.1	2.5	2.5	0.9	0.99	0.5	0.1	0.9	15	-9	0.12	79.5	0.965	1	0	1	1	1	0	0	0
20191104	005500	1112	0.01	0.04	0.00	0.04	3	0.90	0.99	30771400000.00	1812270000000000.00		0	0	11	12	0	37.19	102.86	0.8	0.5	5	0.1	2.5	2.5	0.9	0.99	0.5	0.1	0.9	15	-9	0.12	79.5	0.965	1	0	1	1	1	0	0	0
20191104	005600	1112	0.01	0.04	0.00	0.04	0	0.90	1.00	20642400000.00	1713770000000000.00		0	0	11	12	0	37.19	102.86	0.8	0.5	5	0.1	2.5	2.5	0.9	0.99	0.5	0.1	0.9	15	-9	0.12	79.5	0.965	1	0	1	1	1	0	0	0
20191104	005700	1112	0.01	0.04	0.00	0.04	3	0.90	0.98	8959960000.00	1773870000000000.00		0	0	11	12	0	37.19	102.86	0.8	0.5	5	0.1	2.5	2.5	0.9	0.99	0.5	0.1	0.9	15	-9	0.12	79.5	0.965	1	0	1	1	1	0	0	0
20191104	005800	1112	-2	-2	-2	-2	9	-2.00	1.00	21060800000.00	1866980000000000.00		0	0	11	12	0	37.19	102.86	0.8	0.5	5	0.1	2.5	2.5	0.9	0.99	0.5	0.1	0.9	15	-9	0.12	79.5	0.965	1	0	1	1	1	0	0	0
20191104	005900	1112	-2	-2	-2	-2	9	-2.00	1.00	11415300000.00	1746270000000000.00		0	0	11	12	0	37.19	102.86	0.8	0.5	5	0.1	2.5	2.5	0.9	0.99	0.5	0.1	0.9	15	-9	0.12	79.5	0.965	1	0	1	1	1	0	0	0
20191104	010000	1112	-2	-2	-2	-2	9	-2.00	1.00	13845000000.00	1670710000000000.00		0	0	11	12	0	37.19	102.86	0.8	0.5	5	0.1	2.5	2.5	0.9	0.99	0.5	0.1	0.9	15	-9	0.12	79.5	0.965	1	0	1	1	1	0	0	0
20191104	010100	1112	-2	-2	-2	-2	9	-2.00	1.00	6665610000.00	1701040000000000.00		0	0	11	12	0	37.19	102.86	0.8	0.5	5	0.1	2.5	2.5	0.9	0.99	0.5	0.1	0.9	15	-9	0.12	79.5	0.965	1	0	1	1	1	0	0	0
20191104	010200	1112	0.01	0.04	0.00	0.04	0	0.91	1.00	12329400000.00	1650240000000000.00		0	0	11	12	0	37.19	102.86	0.8	0.5	5	0.1	2.5	2.5	0.9	0.99	0.5	0.1	0.9	15	-9	0.12	79.5	0.965	1	0	1	1	1	0	0	0
20191104	010300	1112	-2	-2	-2	-2	9	-2.00	1.00	9743890000.00	1680480000000000.00		0	0	11	12	0	37.19	102.86	0.8	0.5	5	0.1	2.5	2.5	0.9	0.99	0.5	0.1	0.9	15	-9	0.12	79.5	0.965	1	0	1	1	1	0	0	0
20191104	010400	1112	0.01	0.04	0.00	0.04	0	0.91	1.00	14565600000.00	1845120000000000.00		0	0	11	12	0	37.19	102.86	0.8	0.5	5	0.1	2.5	2.5	0.9	0.99	0.5	0.1	0.9	15	-9	0.12	79.5	0.965	1	0	1	1	1	0	0	0
20191104	010500	1112	0.01	0.04	0.00	0.04	0	0.91	0.99	13729600000.00	1779470000000000.00		0	0	11	12	0	37.19	102.86	0.8	0.5	5	0.1	2.5	2.5	0.9	0.99	0.5	0.1	0.9	15	-9	0.12	79.5	0.965	1	0	1	1	1	0	0	0
20191104	010600	1112	0.01	0.04	0.00	0.04	0	0.90	0.99	11193200000.00	1701630000000000.00		0	0	11	12	0	37.19	102.86	0.8	0.5	5	0.1	2.5	2.5	0.9	0.99	0.5	0.1	0.9	15	-9	0.12	79.5	0.965	1	0	1	1	1	0	0	0
20191104	010700	1112	0.01	0.04	0.00	0.04	3	0.90	0.96	10630100000.00	1651170000000000.00		0	0	11	12	0	37.19	102.86	0.8	0.5	5	0.1	2.5	2.5	0.9	0.99	0.5	0.1	0.9	15	-9	0.12	79.5	0.965	1	0	1	1	1	0	0	0
20191104	010800	1112	0.01	0.04	0.00	0.04	5	0.90	0.97	13515200000.00	1658320000000000.00		0	0	11	12	0	37.19	102.86	0.8	0.5	5	0.1	2.5	2.5	0.9	0.99	0.5	0.1	0.9	15	-9	0.12	79.5	0.965	1	0	1	1	1	0	0	0
20191104	010900	1112	0.01	0.04	0.00	0.04	3	0.90	0.99	7262690000.00	1728730000000000.00		0	0	11	12	0	37.19	102.86	0.8	0.5	5	0.1	2.5	2.5	0.9	0.99	0.5	0.1	0.9	15	-9	0.12	79.5	0.965	1	0	1	1	1	0	0	0
20191104	011000	1112	0.01	0.04	0.00	0.04	3	0.90	0.99	11856600000.00	1674040000000000.00		0	0	11	12	0	37.19	102.86	0.8	0.5	5	0.1	2.5	2.5	0.9	0.99	0.5	0.1	0.9	15	-9	0.12	79.5	0.965	1	0	1	1	1	0	0	0
20191104	011100	1112	0.01	0.04	0.00	0.04	3	0.90	0.99	11118700000.00	1682940000000000.00		0	0	11	12	0	37.19	102.86	0.8	0.5	5	0.1	2.5	2.5	0.9	0.99	0.5	0.1	0.9	15	-9	0.12	79.5	0.965	1	0	1	1	1	0	0	0
20191104	011200	1112	0.01	0.04	0.00	0.04	3	0.90	0.99	5519740000.00	1530940000000000.00		0	0	11	12	0	37.19	102.86	0.8	0.5	5	0.1	2.5	2.5	0.9	0.99	0.5	0.1	0.9	15	-9	0.12	79.5	0.965	1	0	1	1	1	0	0	0
20191104	011300	1112	0.01	0.04	0.00	0.04	3	0.90	0.98	13855800000.00	1759690000000000.00		0	0	11	12	0	37.19	102.86	0.8	0.5	5	0.1	2.5	2.5	0.9	0.99	0.5	0.1	0.9	15	-9	0.12	79.5	0.965	1	0	1	1	1	0	0	0
20191104	011400	1112	0.01	0.04	0.00	0.04	3	0.90	0.98	15121100000.00	1812990000000000.00		0	0	11	12	0	37.19	102.86	0.8	0.5	5	0.1	2.5	2.5	0.9	0.99	0.5	0.1	0.9	15	-9	0.12	79.5	0.965	1	0	1	1	1	0	0	0
20191104	011500	1112	0.01	0.04	0.00	0.04	3	0.90	0.96	8151010000.00	1438170000000000.00		0	0	11	12	0	37.19	102.86	0.8	0.5	5	0.1	2.5	2.5	0.9	0.99	0.5	0.1	0.9	15	-9	0.12	79.5	0.965	1	0	1	1	1	0	0	0
20191104	011600	1112	0.01	0.04	0.00	0.04	3	0.90	0.98	11671200000.00	1597410000000000.00		0	0	11	12	0	37.19	102.86	0.8	0.5	5	0.1	2.5	2.5	0.9	0.99	0.5	0.1	0.9	15	-9	0.12	79.5	0.965	1	0	1	1	1	0	0	0
20191104	011700	1112	0.01	0.04	0.00	0.04	3	0.90	0.96	9886200000.00	1536720000000000.00		0	0	11	12	0	37.19	102.86	0.8	0.5	5	0.1	2.5	2.5	0.9	0.99	0.5	0.1	0.9	15	-9	0.12	79.5	0.965	1	0	1	1	1	0	0	0
20191104	011800	1112	0.01	0.04	0.00	0.04	3	0.90	0.98	5431560000.00	1601710000000000.00		0	0	11	12	0	37.19	102.86	0.8	0.5	5	0.1	2.5	2.5	0.9	0.99	0.5	0.1	0.9	15	-9	0.12	79.5	0.965	1	0	1	1	1	0	0	0
20191104	011900	1112	0.01	0.04	0.00	0.04	3	0.90	0.97	5196860000.00	1484520000000000.00		0	0	11	12	0	37.19	102.86	0.8	0.5	5	0.1	2.5	2.5	0.9	0.99	0.5	0.1	0.9	15	-9	0.12	79.5	0.965	1	0	1	1	1	0	0	0
20191104	012000	1112	0.01	0.04	0.00	0.04	3	0.90	0.96	16846300000.00	1791890000000000.00		0	0	11	12	0	37.19	102.86	0.8	0.5	5	0.1	2.5	2.5	0.9	0.99	0.5	0.1	0.9	15	-9	0.12	79.5	0.965	1	0	1	1	1	0	0	0
20191104	012100	1112	0.01	0.04	0.00	0.04	3	0.90	0.96	7024090000.00	1523660000000000.00		0	0	11	12	0	37.19	102.86	0.8	0.5	5	0.1	2.5	2.5	0.9	0.99	0.5	0.1	0.9	15	-9	0.12	79.5	0.965	1	0	1	1	1	0	0	0
20191104	012200	1112	0.01	0.04	0.00	0.04	3	0.90	0.96	9583640000.00	1807730000000000.00		0	0	11	12	0	37.19	102.86	0.8	0.5	5	0.1	2.5	2.5	0.9	0.99	0.5	0.1	0.9	15	-9	0.12	79.5	0.965	1	0	1	1	1	0	0	0
20191104	012300	1112	0.01	0.04	0.00	0.04	3	0.90	0.98	20312300000.00	1892030000000000.00		0	0	11	12	0	37.19	102.86	0.8	0.5	5	0.1	2.5	2.5	0.9	0.99	0.5	0.1	0.9	15	-9	0.12	79.5	0.965	1	0	1	1	1	0	0	0
20191104	012400	1112	0.01	0.04	0.00	0.04	5	0.90	0.99	8845220000.00	1755940000000000.00		0	0	11	12	0	37.19	102.86	0.8	0.5	5	0.1	2.5	2.5	0.9	0.99	0.5	0.1	0.9	15	-9	0.12	79.5	0.965	1	0	1	1	1	0	0	0
20191104	012500	1112	0.01	0.04	0.00	0.04	3	0.90	0.95	5557360000.00	1557520000000000.00		0	0	11	12	0	37.19	102.86	0.8	0.5	5	0.1	2.5	2.5	0.9	0.99	0.5	0.1	0.9	15	-9	0.12	79.5	0.965	1	0	1	1	1	0	0	0
20191104	012600	1112	0.01	0.04	0.00	0.04	3	0.90	0.97	8652680000.00	1954880000000000.00		0	0	11	12	0	37.19	102.86	0.8	0.5	5	0.1	2.5	2.5	0.9	0.99	0.5	0.1	0.9	15	-9	0.12	79.5	0.965	1	0	1	1	1	0	0	0
20191104	012700	1112	0.01	0.04	0.00	0.04	3	0.90	0.96	7651950000.00	1732670000000000.00		0	0	11	12	0	37.19	102.86	0.8	0.5	5	0.1	2.5	2.5	0.9	0.99	0.5	0.1	0.9	15	-9	0.12	79.5	0.965	1	0	1	1	1	0	0	0
20191104	012800	1112	0.01	0.04	0.00	0.04	5	0.90	0.95	15165900000.00	1838280000000000.00		0	0	11	12	0	37.19	102.86	0.8	0.5	5	0.1	2.5	2.5	0.9	0.99	0.5	0.1	0.9	15	-9	0.12	79.5	0.965	1	0	1	1	1	0	0	0
20191104	012900	1112	0.01	0.04	0.00	0.04	5	0.90	0.94	6042160000.00	1726180000000000.00		0	0	11	12	0	37.19	102.86	0.8	0.5	5	0.1	2.5	2.5	0.9	0.99	0.5	0.1	0.9	15	-9	0.12	79.5	0.965	1	0	1	1	1	0	0	0
20191104	013000	1112	0.02	0.03	0.00	0.03	3	0.91	0.94	9158240000.00	1758740000000000.00		0	0	11	12	0	37.19	102.86	0.8	0.5	5	0.1	2.5	2.5	0.9	0.99	0.5	0.1	0.9	15	-9	0.12	79.5	0.965	1	0	1	1	1	0	0	0
20191104	013100	1112	0.02	0.03	0.00	0.03	3	0.91	0.89	19150200000.00	1700610000000000.00		0	0	11	12	0	37.19	102.86	0.8	0.5	5	0.1	2.5	2.5	0.9	0.99	0.5	0.1	0.9	15	-9	0.12	79.5	0.965	1	0	1	1	1	0	0	0
20191104	013200	1112	0.02	0.03	0.00	0.03	3	0.90	0.91	26399400000.00	1792060000000000.00		0	0	11	12	0	37.19	102.86	0.8	0.5	5	0.1	2.5	2.5	0.9	0.99	0.5	0.1	0.9	15	-9	0.12	79.5	0.965	1	0	1	1	1	0	0	0
20191104	013300	1112	0.02	0.03	0.00	0.03	3	0.90	0.93	11584900000.00	1658000000000000.00		0	0	11	12	0	37.19	102.86	0.8	0.5	5	0.1	2.5	2.5	0.9	0.99	0.5	0.1	0.9	15	-9	0.12	79.5	0.965	1	0	1	1	1	0	0	0
20191104	013400	1112	0.02	0.03	0.00	0.03	3	0.90	0.93	3349370000.00	1835530000000000.00		0	0	11	12	0	37.19	102.86	0.8	0.5	5	0.1	2.5	2.5	0.9	0.99	0.5	0.1	0.9	15	-9	0.12	79.5	0.965	1	0	1	1	1	0	0	0
20191104	013500	1112	0.02	0.03	0.00	0.03	3	0.90	0.89	11665000000.00	1763060000000000.00		0	0	11	12	0	37.19	102.86	0.8	0.5	5	0.1	2.5	2.5	0.9	0.99	0.5	0.1	0.9	15	-9	0.12	79.5	0.965	1	0	1	1	1	0	0	0
20191104	013600	1112	0.02	0.03	0.00	0.03	3	0.90	0.93	20576300000.00	1849540000000000.00		0	0	11	12	0	37.19	102.86	0.8	0.5	5	0.1	2.5	2.5	0.9	0.99	0.5	0.1	0.9	15	-9	0.12	79.5	0.965	1	0	1	1	1	0	0	0
20191104	013700	1112	0.02	0.03	0.00	0.03	3	0.90	0.93	5825890000.00	1597540000000000.00		0	0	11	12	0	37.19	102.86	0.8	0.5	5	0.1	2.5	2.5	0.9	0.99	0.5	0.1	0.9	15	-9	0.12	79.5	0.965	1	0	1	1	1	0	0	0
20191104	013800	1112	0.02	0.03	0.00	0.03	3	0.90	0.95	13356700000.00	1795400000000000.00		0	0	11	12	0	37.19	102.86	0.8	0.5	5	0.1	2.5	2.5	0.9	0.99	0.5	0.1	0.9	15	-9	0.12	79.5	0.965	1	0	1	1	1	0	0	0
20191104	013900	1112	0.02	0.03	0.00	0.03	5	0.90	0.95	25650700000.00	1937170000000000.00		0	0	11	12	0	37.19	102.86	0.8	0.5	5	0.1	2.5	2.5	0.9	0.99	0.5	0.1	0.9	15	-9	0.12	79.5	0.965	1	0	1	1	1	0	0	0
20191104	014000	1112	0.02	0.03	0.00	0.03	3	0.90	0.92	5447740000.00	1640120000000000.00		0	0	11	12	0	37.19	102.86	0.8	0.5	5	0.1	2.5	2.5	0.9	0.99	0.5	0.1	0.9	15	-9	0.12	79.5	0.965	1	0	1	1	1	0	0	0
20191104	014100	1112	0.02	0.03	0.00	0.03	3	0.90	0.92	10171900000.00	1921510000000000.00		0	0	11	12	0	37.19	102.86	0.8	0.5	5	0.1	2.5	2.5	0.9	0.99	0.5	0.1	0.9	15	-9	0.12	79.5	0.965	1	0	1	1	1	0	0	0
20191104	014200	1112	0.02	0.03	0.00	0.03	5	0.90	0.89	15623400000.00	1825770000000000.00		0	0	11	12	0	37.19	102.86	0.8	0.5	5	0.1	2.5	2.5	0.9	0.99	0.5	0.1	0.9	15	-9	0.12	79.5	0.965	1	0	1	1	1	0	0	0
20191104	014300	1112	0.02	0.03	0.00	0.03	3	0.90	0.88	7140550000.00	1691830000000000.00		0	0	11	12	0	37.19	102.86	0.8	0.5	5	0.1	2.5	2.5	0.9	0.99	0.5	0.1	0.9	15	-9	0.12	79.5	0.965	1	0	1	1	1	0	0	0
20191104	014400	1112	0.01	0.03	0.00	0.03	5	0.90	0.84	12137700000.00	1869540000000000.00		0	0	11	12	0	37.19	102.86	0.8	0.5	5	0.1	2.5	2.5	0.9	0.99	0.5	0.1	0.9	15	-9	0.12	79.5	0.965	1	0	1	1	1	0	0	0
20191104	014500	1112	0.01	0.03	0.00	0.03	5	0.90	0.89	3002470000.00	1804350000000000.00		0	0	11	12	0	37.19	102.86	0.8	0.5	5	0.1	2.5	2.5	0.9	0.99	0.5	0.1	0.9	15	-9	0.12	79.5	0.965	1	0	1	1	1	0	0	0
20191104	014600	1112	0.00	0.03	0.00	0.03	1	0.90	0.88	19865700000.00	1860010000000000.00		0	0	11	12	0	37.19	102.86	0.8	0.5	5	0.1	2.5	2.5	0.9	0.99	0.5	0.1	0.9	15	-9	0.12	79.5	0.965	1	0	1	1	1	0	0	0
20191104	014700	1112	0.01	0.03	0.00	0.03	5	0.90	0.90	10149600000.00	1702620000000000.00		0	0	11	12	0	37.19	102.86	0.8	0.5	5	0.1	2.5	2.5	0.9	0.99	0.5	0.1	0.9	15	-9	0.12	79.5	0.965	1	0	1	1	1	0	0	0
20191104	014800	1112	0.00	0.03	0.00	0.03	1	0.90	0.88	7812680000.00	1727180000000000.00		0	0	11	12	0	37.19	102.86	0.8	0.5	5	0.1	2.5	2.5	0.9	0.99	0.5	0.1	0.9	15	-9	0.12	79.5	0.965	1	0	1	1	1	0	0	0
20191104	014900	1112	0.01	0.03	0.00	0.03	5	0.90	0.90	12498800000.00	1703540000000000.00		0	0	11	12	0	37.19	102.86	0.8	0.5	5	0.1	2.5	2.5	0.9	0.99	0.5	0.1	0.9	15	-9	0.12	79.5	0.965	1	0	1	1	1	0	0	0
20191104	015000	1112	0.01	0.03	0.00	0.03	5	0.90	0.88	13318400000.00	1846130000000000.00		0	0	11	12	0	37.19	102.86	0.8	0.5	5	0.1	2.5	2.5	0.9	0.99	0.5	0.1	0.9	15	-9	0.12	79.5	0.965	1	0	1	1	1	0	0	0
20191104	015100	1112	0.00	0.03	0.00	0.03	1	0.90	0.88	7339160000.00	1824680000000000.00		0	0	11	12	0	37.19	102.86	0.8	0.5	5	0.1	2.5	2.5	0.9	0.99	0.5	0.1	0.9	15	-9	0.12	79.5	0.965	1	0	1	1	1	0	0	0
20191104	015200	1112	0.00	0.03	0.00	0.03	1	0.91	0.86	3947720000.00	1814190000000000.00		0	0	11	12	0	37.19	102.86	0.8	0.5	5	0.1	2.5	2.5	0.9	0.99	0.5	0.1	0.9	15	-9	0.12	79.5	0.965	1	0	1	1	1	0	0	0
20191104	015300	1112	0.00	0.03	0.00	0.03	1	0.90	0.88	8858150000.00	1725540000000000.00		0	0	11	12	0	37.19	102.86	0.8	0.5	5	0.1	2.5	2.5	0.9	0.99	0.5	0.1	0.9	15	-9	0.12	79.5	0.965	1	0	1	1	1	0	0	0
20191104	015400	1112	0.00	0.03	0.00	0.03	1	0.90	0.85	7767630000.00	1957660000000000.00		0	0	11	12	0	37.19	102.86	0.8	0.5	5	0.1	2.5	2.5	0.9	0.99	0.5	0.1	0.9	15	-9	0.12	79.5	0.965	1	0	1	1	1	0	0	0
20191104	015500	1112	0.00	0.03	0.00	0.03	1	0.90	0.87	3763410000.00	1783520000000000.00		0	0	11	12	0	37.19	102.86	0.8	0.5	5	0.1	2.5	2.5	0.9	0.99	0.5	0.1	0.9	15	-9	0.12	79.5	0.965	1	0	1	1	1	0	0	0
20191104	015600	1112	0.00	0.03	0.00	0.03	1	0.91	0.87	11682800000.00	1922600000000000.00		0	0	11	12	0	37.19	102.86	0.8	0.5	5	0.1	2.5	2.5	0.9	0.99	0.5	0.1	0.9	15	-9	0.12	79.5	0.965	1	0	1	1	1	0	0	0
20191104	015700	1112	0.00	0.03	0.00	0.03	1	0.91	0.86	3556660000.00	1584170000000000.00		0	0	11	12	0	37.19	102.86	0.8	0.5	5	0.1	2.5	2.5	0.9	0.99	0.5	0.1	0.9	15	-9	0.12	79.5	0.965	1	0	1	1	1	0	0	0
20191104	015800	1112	0.00	0.03	0.00	0.03	1	0.90	0.87	9352970000.00	1914360000000000.00		0	0	11	12	0	37.19	102.86	0.8	0.5	5	0.1	2.5	2.5	0.9	0.99	0.5	0.1	0.9	15	-9	0.12	79.5	0.965	1	0	1	1	1	0	0	0
20191104	015900	1112	0.01	0.03	0.00	0.03	5	0.91	0.84	4610570000.00	1860770000000000.00		0	0	11	12	0	37.19	102.86	0.8	0.5	5	0.1	2.5	2.5	0.9	0.99	0.5	0.1	0.9	15	-9	0.12	79.5	0.965	1	0	1	1	1	0	0	0
20191104	020000	1112	0.00	0.02	0.00	0.02	1	0.90	0.85	6722970000.00	2086820000000000.00		0	0	11	12	0	37.19	102.86	0.8	0.5	5	0.1	2.5	2.5	0.9	0.99	0.5	0.1	0.9	15	-9	0.12	79.5	0.965	1	0	1	1	1	0	0	0
20191104	020100	1112	0.00	0.02	0.00	0.02	1	0.90	0.83	5816990000.00	1611290000000000.00		0	0	11	12	0	37.19	102.86	0.8	0.5	5	0.1	2.5	2.5	0.9	0.99	0.5	0.1	0.9	15	-9	0.12	79.5	0.965	1	0	1	1	1	0	0	0
20191104	020200	1112	0.01	0.02	0.00	0.02	5	0.90	0.88	17279700000.00	1830900000000000.00		0	0	11	12	0	37.19	102.86	0.8	0.5	5	0.1	2.5	2.5	0.9	0.99	0.5	0.1	0.9	15	-9	0.12	79.5	0.965	1	0	1	1	1	0	0	0
20191104	020300	1112	0.01	0.02	0.00	0.02	5	0.90	0.91	11298700000.00	1957400000000000.00		0	0	11	12	0	37.19	102.86	0.8	0.5	5	0.1	2.5	2.5	0.9	0.99	0.5	0.1	0.9	15	-9	0.12	79.5	0.965	1	0	1	1	1	0	0	0
20191104	020400	1112	0.00	0.02	0.00	0.02	1	0.90	0.87	5237470000.00	1707000000000000.00		0	0	11	12	0	37.19	102.86	0.8	0.5	5	0.1	2.5	2.5	0.9	0.99	0.5	0.1	0.9	15	-9	0.12	79.5	0.965	1	0	1	1	1	0	0	0
20191104	020500	1112	0.01	0.02	0.00	0.02	5	0.90	0.87	10002200000.00	1935890000000000.00		0	0	11	12	0	37.19	102.86	0.8	0.5	5	0.1	2.5	2.5	0.9	0.99	0.5	0.1	0.9	15	-9	0.12	79.5	0.965	1	0	1	1	1	0	0	0
20191104	020600	1112	0.00	0.02	0.00	0.02	1	0.90	0.88	2189040000.00	1613870000000000.00		0	0	11	12	0	37.19	102.86	0.8	0.5	5	0.1	2.5	2.5	0.9	0.99	0.5	0.1	0.9	15	-9	0.12	79.5	0.965	1	0	1	1	1	0	0	0
20191104	020700	1112	0.00	0.02	0.00	0.02	1	0.90	0.90	22375400000.00	1976130000000000.00		0	0	11	12	0	37.19	102.86	0.8	0.5	5	0.1	2.5	2.5	0.9	0.99	0.5	0.1	0.9	15	-9	0.12	79.5	0.965	1	0	1	1	1	0	0	0
20191104	020800	1112	0.00	0.02	0.00	0.02	1	0.90	0.87	4262510000.00	1760780000000000.00		0	0	11	12	0	37.19	102.86	0.8	0.5	5	0.1	2.5	2.5	0.9	0.99	0.5	0.1	0.9	15	-9	0.12	79.5	0.965	1	0	1	1	1	0	0	0
20191104	020900	1112	0.00	0.02	0.00	0.02	1	0.90	0.89	6471760000.00	1692440000000000.00		0	0	11	12	0	37.19	102.86	0.8	0.5	5	0.1	2.5	2.5	0.9	0.99	0.5	0.1	0.9	15	-9	0.12	79.5	0.965	1	0	1	1	1	0	0	0
20191104	021000	1112	0.01	0.02	0.00	0.02	5	0.90	0.91	4553400000.00	2078770000000000.00		0	0	11	12	0	37.19	102.86	0.8	0.5	5	0.1	2.5	2.5	0.9	0.99	0.5	0.1	0.9	15	-9	0.12	79.5	0.965	1	0	1	1	1	0	0	0
20191104	021100	1112	0.01	0.02	0.00	0.02	5	0.90	0.89	2.32	11185.10		0	0	11	12	0	37.19	102.86	0.8	0.5	5	0.1	2.5	2.5	0.9	0.99	0.5	0.1	0.9	15	-9	0.12	79.5	0.965	1	0	1	1	1	0	0	0
20191104	021200	1112	0.00	0.02	0.00	0.02	1	0.90	0.92	5894340000.00	1769110000000000.00		0	0	11	12	0	37.19	102.86	0.8	0.5	5	0.1	2.5	2.5	0.9	0.99	0.5	0.1	0.9	15	-9	0.12	79.5	0.965	1	0	1	1	1	0	0	0
20191104	021300	1112	0.00	0.02	0.00	0.02	1	0.90	0.93	4096170000.00	1642940000000000.00		0	0	11	12	0	37.19	102.86	0.8	0.5	5	0.1	2.5	2.5	0.9	0.99	0.5	0.1	0.9	15	-9	0.12	79.5	0.965	1	0	1	1	1	0	0	0
20191104	021400	1112	0.00	0.02	0.00	0.02	1	0.90	0.90	13723100000.00	1831500000000000.00		0	0	11	12	0	37.19	102.86	0.8	0.5	5	0.1	2.5	2.5	0.9	0.99	0.5	0.1	0.9	15	-9	0.12	79.5	0.965	1	0	1	1	1	0	0	0
20191104	021500	1112	0.01	0.03	0.00	0.03	5	0.90	0.91	2056740000.00	1770700000000000.00		0	0	11	12	0	37.19	102.86	0.8	0.5	5	0.1	2.5	2.5	0.9	0.99	0.5	0.1	0.9	15	-9	0.12	79.5	0.965	1	0	1	1	1	0	0	0
20191104	021600	1112	0.01	0.03	0.00	0.03	5	0.90	0.84	3611210000.00	1884560000000000.00		0	0	11	12	0	37.19	102.86	0.8	0.5	5	0.1	2.5	2.5	0.9	0.99	0.5	0.1	0.9	15	-9	0.12	79.5	0.965	1	0	1	1	1	0	0	0
20191104	021700	1112	0.01	0.03	0.00	0.03	5	0.90	0.85	2.33	6383.34		0	0	11	12	0	37.19	102.86	0.8	0.5	5	0.1	2.5	2.5	0.9	0.99	0.5	0.1	0.9	15	-9	0.12	79.5	0.965	1	0	1	1	1	0	0	0
20191104	021800	1112	0.01	0.03	0.00	0.03	5	0.90	0.82	11106600000.00	2069000000000000.00		0	0	11	12	0	37.19	102.86	0.8	0.5	5	0.1	2.5	2.5	0.9	0.99	0.5	0.1	0.9	15	-9	0.12	79.5	0.965	1	0	1	1	1	0	0	0
20191104	021900	1112	0.01	0.03	0.00	0.03	5	0.90	0.90	1569040000.00	1849580000000000.00		0	0	11	12	0	37.19	102.86	0.8	0.5	5	0.1	2.5	2.5	0.9	0.99	0.5	0.1	0.9	15	-9	0.12	79.5	0.965	1	0	1	1	1	0	0	0
20191104	022000	1112	0.00	0.03	0.00	0.03	1	0.90	0.82	1586980000.00	1814390000000000.00		0	0	11	12	0	37.19	102.86	0.8	0.5	5	0.1	2.5	2.5	0.9	0.99	0.5	0.1	0.9	15	-9	0.12	79.5	0.965	1	0	1	1	1	0	0	0
20191104	022100	1112	0.00	0.03	0.00	0.03	1	0.90	0.89	6897410000.00	1834590000000000.00		0	0	11	12	0	37.19	102.86	0.8	0.5	5	0.1	2.5	2.5	0.9	0.99	0.5	0.1	0.9	15	-9	0.12	79.5	0.965	1	0	1	1	1	0	0	0
20191104	022200	1112	0.01	0.03	0.00	0.03	5	0.90	0.92	14880600000.00	1975950000000000.00		0	0	11	12	0	37.19	102.86	0.8	0.5	5	0.1	2.5	2.5	0.9	0.99	0.5	0.1	0.9	15	-9	0.12	79.5	0.965	1	0	1	1	1	0	0	0
20191104	022300	1112	0.01	0.03	0.00	0.03	5	0.90	0.96	4996090000.00	1868490000000000.00		0	0	11	12	0	37.19	102.86	0.8	0.5	5	0.1	2.5	2.5	0.9	0.99	0.5	0.1	0.9	15	-9	0.12	79.5	0.965	1	0	1	1	1	0	0	0
20191104	022400	1112	0.01	0.03	0.00	0.03	5	0.90	0.96	1994370000.00	1796600000000000.00		0	0	11	12	0	37.19	102.86	0.8	0.5	5	0.1	2.5	2.5	0.9	0.99	0.5	0.1	0.9	15	-9	0.12	79.5	0.965	1	0	1	1	1	0	0	0
20191104	022500	1112	0.00	0.03	0.00	0.03	1	0.90	0.95	2665020000.00	1936810000000000.00		0	0	11	12	0	37.19	102.86	0.8	0.5	5	0.1	2.5	2.5	0.9	0.99	0.5	0.1	0.9	15	-9	0.12	79.5	0.965	1	0	1	1	1	0	0	0
20191104	022600	1112	0.01	0.03	0.00	0.03	5	0.91	0.89	3145940000.00	1969100000000000.00		0	0	11	12	0	37.19	102.86	0.8	0.5	5	0.1	2.5	2.5	0.9	0.99	0.5	0.1	0.9	15	-9	0.12	79.5	0.965	1	0	1	1	1	0	0	0
20191104	022700	1112	0.00	0.03	0.00	0.03	1	0.90	0.87	565460000.00	1939470000000000.00		0	0	11	12	0	37.19	102.86	0.8	0.5	5	0.1	2.5	2.5	0.9	0.99	0.5	0.1	0.9	15	-9	0.12	79.5	0.965	1	0	1	1	1	0	0	0
20191104	022800	1112	0.00	0.03	0.00	0.03	1	0.91	0.85	2284890000.00	1978050000000000.00		0	0	11	12	0	37.19	102.86	0.8	0.5	5	0.1	2.5	2.5	0.9	0.99	0.5	0.1	0.9	15	-9	0.12	79.5	0.965	1	0	1	1	1	0	0	0
20191104	022900	1112	0.01	0.03	0.00	0.03	5	0.91	0.88	485591000.00	1665530000000000.00		0	0	11	12	0	37.19	102.86	0.8	0.5	5	0.1	2.5	2.5	0.9	0.99	0.5	0.1	0.9	15	-9	0.12	79.5	0.965	1	0	1	1	1	0	0	0
20191104	023000	1112	0.01	0.02	0.00	0.02	5	0.90	0.86	2606780000.00	1918360000000000.00		0	0	11	12	0	37.19	102.86	0.8	0.5	5	0.1	2.5	2.5	0.9	0.99	0.5	0.1	0.9	15	-9	0.12	79.5	0.965	1	0	1	1	1	0	0	0
20191104	023100	1112	0.01	0.02	0.00	0.02	5	0.90	0.90	2555040000.00	1876310000000000.00		0	0	11	12	0	37.19	102.86	0.8	0.5	5	0.1	2.5	2.5	0.9	0.99	0.5	0.1	0.9	15	-9	0.12	79.5	0.965	1	0	1	1	1	0	0	0
20191104	023200	1112	0.01	0.02	0.00	0.02	5	0.90	0.90	6604550000.00	1885110000000000.00		0	0	11	12	0	37.19	102.86	0.8	0.5	5	0.1	2.5	2.5	0.9	0.99	0.5	0.1	0.9	15	-9	0.12	79.5	0.965	1	0	1	1	1	0	0	0
20191104	023300	1112	0.01	0.02	0.00	0.02	5	0.90	0.90	2295700000.00	1982470000000000.00		0	0	11	12	0	37.19	102.86	0.8	0.5	5	0.1	2.5	2.5	0.9	0.99	0.5	0.1	0.9	15	-9	0.12	79.5	0.965	1	0	1	1	1	0	0	0
20191104	023400	1112	0.01	0.02	0.00	0.02	5	0.90	0.90	3083960000.00	1926630000000000.00		0	0	11	12	0	37.19	102.86	0.8	0.5	5	0.1	2.5	2.5	0.9	0.99	0.5	0.1	0.9	15	-9	0.12	79.5	0.965	1	0	1	1	1	0	0	0
20191104	023500	1112	0.01	0.02	0.00	0.02	5	0.90	0.89	2268460000.00	1967070000000000.00		0	0	11	12	0	37.19	102.86	0.8	0.5	5	0.1	2.5	2.5	0.9	0.99	0.5	0.1	0.9	15	-9	0.12	79.5	0.965	1	0	1	1	1	0	0	0
20191104	023600	1112	0.01	0.02	0.00	0.02	5	0.90	0.87	16634000000.00	1811310000000000.00		0	0	11	12	0	37.19	102.86	0.8	0.5	5	0.1	2.5	2.5	0.9	0.99	0.5	0.1	0.9	15	-9	0.12	79.5	0.965	1	0	1	1	1	0	0	0
20191104	023700	1112	0.01	0.02	0.00	0.02	5	0.90	0.83	6251830000.00	1813080000000000.00		0	0	11	12	0	37.19	102.86	0.8	0.5	5	0.1	2.5	2.5	0.9	0.99	0.5	0.1	0.9	15	-9	0.12	79.5	0.965	1	0	1	1	1	0	0	0
20191104	023800	1112	0.01	0.02	0.00	0.02	5	0.90	0.86	2183140000.00	1889700000000000.00		0	0	11	12	0	37.19	102.86	0.8	0.5	5	0.1	2.5	2.5	0.9	0.99	0.5	0.1	0.9	15	-9	0.12	79.5	0.965	1	0	1	1	1	0	0	0
20191104	023900	1112	0.01	0.02	0.00	0.02	5	0.90	0.86	2399170000.00	1700090000000000.00		0	0	11	12	0	37.19	102.86	0.8	0.5	5	0.1	2.5	2.5	0.9	0.99	0.5	0.1	0.9	15	-9	0.12	79.5	0.965	1	0	1	1	1	0	0	0
20191104	024000	1112	0.01	0.03	0.00	0.03	5	0.90	0.84	10840900000.00	1873930000000000.00		0	0	11	12	0	37.19	102.86	0.8	0.5	5	0.1	2.5	2.5	0.9	0.99	0.5	0.1	0.9	15	-9	0.12	79.5	0.965	1	0	1	1	1	0	0	0
20191104	024100	1112	0.01	0.03	0.00	0.03	5	0.90	0.85	4654970000.00	1855010000000000.00		0	0	11	12	0	37.19	102.86	0.8	0.5	5	0.1	2.5	2.5	0.9	0.99	0.5	0.1	0.9	15	-9	0.12	79.5	0.965	1	0	1	1	1	0	0	0
20191104	024200	1112	0.01	0.03	0.00	0.03	5	0.91	0.80	1579190000.00	1805490000000000.00		0	0	11	12	0	37.19	102.86	0.8	0.5	5	0.1	2.5	2.5	0.9	0.99	0.5	0.1	0.9	15	-9	0.12	79.5	0.965	1	0	1	1	1	0	0	0
20191104	024300	1112	0.01	0.03	0.00	0.03	5	0.91	0.81	3964860000.00	1782730000000000.00		0	0	11	12	0	37.19	102.86	0.8	0.5	5	0.1	2.5	2.5	0.9	0.99	0.5	0.1	0.9	15	-9	0.12	79.5	0.965	1	0	1	1	1	0	0	0
20191104	024400	1112	0.01	0.03	0.00	0.03	5	0.91	0.82	3057020000.00	1848160000000000.00		0	0	11	12	0	37.19	102.86	0.8	0.5	5	0.1	2.5	2.5	0.9	0.99	0.5	0.1	0.9	15	-9	0.12	79.5	0.965	1	0	1	1	1	0	0	0
20191104	024500	1112	0.01	0.03	0.00	0.03	5	0.91	0.81	4434720000.00	2030020000000000.00		0	0	11	12	0	37.19	102.86	0.8	0.5	5	0.1	2.5	2.5	0.9	0.99	0.5	0.1	0.9	15	-9	0.12	79.5	0.965	1	0	1	1	1	0	0	0
20191104	024600	1112	0.01	0.03	0.00	0.03	5	0.91	0.79	10148800000.00	1915830000000000.00		0	0	11	12	0	37.19	102.86	0.8	0.5	5	0.1	2.5	2.5	0.9	0.99	0.5	0.1	0.9	15	-9	0.12	79.5	0.965	1	0	1	1	1	0	0	0
20191104	024700	1112	0.01	0.03	0.00	0.03	5	0.91	0.77	447240000.00	1533990000000000.00		0	0	11	12	0	37.19	102.86	0.8	0.5	5	0.1	2.5	2.5	0.9	0.99	0.5	0.1	0.9	15	-9	0.12	79.5	0.965	1	0	1	1	1	0	0	0
20191104	024800	1112	0.01	0.03	0.00	0.03	5	0.91	0.81	2589180000.00	1826240000000000.00		0	0	11	12	0	37.19	102.86	0.8	0.5	5	0.1	2.5	2.5	0.9	0.99	0.5	0.1	0.9	15	-9	0.12	79.5	0.965	1	0	1	1	1	0	0	0
20191104	024900	1112	0.01	0.03	0.00	0.03	5	0.91	0.81	2697310000.00	1892830000000000.00		0	0	11	12	0	37.19	102.86	0.8	0.5	5	0.1	2.5	2.5	0.9	0.99	0.5	0.1	0.9	15	-9	0.12	79.5	0.965	1	0	1	1	1	0	0	0
20191104	025000	1112	0.01	0.03	0.00	0.03	5	0.91	0.86	1726230000.00	1980540000000000.00		0	0	11	12	0	37.19	102.86	0.8	0.5	5	0.1	2.5	2.5	0.9	0.99	0.5	0.1	0.9	15	-9	0.12	79.5	0.965	1	0	1	1	1	0	0	0
20191104	025100	1112	0.01	0.03	0.00	0.03	5	0.91	0.83	1760770000.00	1666230000000000.00		0	0	11	12	0	37.19	102.86	0.8	0.5	5	0.1	2.5	2.5	0.9	0.99	0.5	0.1	0.9	15	-9	0.12	79.5	0.965	1	0	1	1	1	0	0	0
20191104	025200	1112	0.01	0.03	0.00	0.03	5	0.91	0.85	5105200000.00	2017860000000000.00		0	0	11	12	0	37.19	102.86	0.8	0.5	5	0.1	2.5	2.5	0.9	0.99	0.5	0.1	0.9	15	-9	0.12	79.5	0.965	1	0	1	1	1	0	0	0
20191104	025300	1112	0.01	0.03	0.00	0.03	3	0.91	0.91	4982020000.00	1904140000000000.00		0	0	11	12	0	37.19	102.86	0.8	0.5	5	0.1	2.5	2.5	0.9	0.99	0.5	0.1	0.9	15	-9	0.12	79.5	0.965	1	0	1	1	1	0	0	0
20191104	025500	1112	0.01	0.04	0.00	0.04	3	0.91	0.88	1858650000.00	1593750000000000.00		0	0	11	12	0	37.19	102.86	0.8	0.5	5	0.1	2.5	2.5	0.9	0.99	0.5	0.1	0.9	15	-9	0.12	79.5	0.965	1	0	1	1	1	0	0	0
20191104	025600	1112	0.01	0.04	0.00	0.04	3	0.91	0.89	1581810000.00	1808480000000000.00		0	0	11	12	0	37.19	102.86	0.8	0.5	5	0.1	2.5	2.5	0.9	0.99	0.5	0.1	0.9	15	-9	0.12	79.5	0.965	1	0	1	1	1	0	0	0
20191104	025700	1112	0.01	0.04	0.00	0.04	3	0.91	0.87	2.26	3716.25		0	0	11	12	0	37.19	102.86	0.8	0.5	5	0.1	2.5	2.5	0.9	0.99	0.5	0.1	0.9	15	-9	0.12	79.5	0.965	1	0	1	1	1	0	0	0
20191104	025800	1112	0.01	0.05	0.00	0.05	3	0.91	0.94	4639100000.00	1823870000000000.00		0	0	11	12	0	37.19	102.86	0.8	0.5	5	0.1	2.5	2.5	0.9	0.99	0.5	0.1	0.9	15	-9	0.12	79.5	0.965	1	0	1	1	1	0	0	0
20191104	025900	1112	0.01	0.04	0.00	0.04	3	0.91	0.92	2988440000.00	1723410000000000.00		0	0	11	12	0	37.19	102.86	0.8	0.5	5	0.1	2.5	2.5	0.9	0.99	0.5	0.1	0.9	15	-9	0.12	79.5	0.965	1	0	1	1	1	0	0	0
20191104	030000	1112	0.01	0.08	0.00	0.08	3	0.97	0.91	1104370000.00	1893950000000000.00		0	0	11	12	0	37.19	102.86	0.8	0.5	5	0.1	2.5	2.5	0.9	0.99	0.5	0.1	0.9	15	-9	0.12	79.5	0.965	1	0	1	1	1	0	0	0
20191104	030100	1112	0.01	0.08	0.00	0.08	3	0.97	0.88	3938040000.00	2107530000000000.00		0	0	11	12	0	37.19	102.86	0.8	0.5	5	0.1	2.5	2.5	0.9	0.99	0.5	0.1	0.9	15	-9	0.12	79.5	0.965	1	0	1	1	1	0	0	0
20191104	030200	1112	0.01	0.08	0.00	0.08	3	0.97	0.87	1446950000.00	1654300000000000.00		0	0	11	12	0	37.19	102.86	0.8	0.5	5	0.1	2.5	2.5	0.9	0.99	0.5	0.1	0.9	15	-9	0.12	79.5	0.965	1	0	1	1	1	0	0	0
20191104	030300	1112	0.01	0.08	0.00	0.08	3	0.97	0.91	5331590000.00	1864340000000000.00		0	0	11	12	0	37.19	102.86	0.8	0.5	5	0.1	2.5	2.5	0.9	0.99	0.5	0.1	0.9	15	-9	0.12	79.5	0.965	1	0	1	1	1	0	0	0
20191104	030400	1112	0.01	0.07	0.00	0.07	3	0.97	0.90	2214660000.00	1929770000000000.00		0	0	11	12	0	37.19	102.86	0.8	0.5	5	0.1	2.5	2.5	0.9	0.99	0.5	0.1	0.9	15	-9	0.12	79.5	0.965	1	0	1	1	1	0	0	0
20191104	025400	1112	0.01	0.03	0.00	0.03	3	0.91	0.88	1477560000.00	1689290000000000.00		0	0	11	12	0	37.19	102.86	0.8	0.5	5	0.1	2.5	2.5	0.9	0.99	0.5	0.1	0.9	15	-9	0.12	79.5	0.965	1	0	1	1	1	0	0	0
20191104	030500	1112	0.01	0.08	0.00	0.08	3	0.97	0.95	2.24	427.42		0	0	11	12	0	37.19	102.86	0.8	0.5	5	0.1	2.5	2.5	0.9	0.99	0.5	0.1	0.9	15	-9	0.12	79.5	0.965	1	0	1	1	1	0	0	0
20191104	030600	1112	0.00	0.08	0.00	0.08	3	0.97	0.95	1729180000.00	1976970000000000.00		0	0	11	12	0	37.19	102.86	0.8	0.5	5	0.1	2.5	2.5	0.9	0.99	0.5	0.1	0.9	15	-9	0.12	79.5	0.965	1	0	1	1	1	0	0	0
20191104	030700	1112	0.00	0.08	0.00	0.08	3	0.97	0.97	2.23	1562.27		0	0	11	12	0	37.19	102.86	0.8	0.5	5	0.1	2.5	2.5	0.9	0.99	0.5	0.1	0.9	15	-9	0.12	79.5	0.965	1	0	1	1	1	0	0	0
20191104	030800	1112	0.00	0.08	0.00	0.08	3	0.97	0.96	1981210000.00	1729290000000000.00		0	0	11	12	0	37.19	102.86	0.8	0.5	5	0.1	2.5	2.5	0.9	0.99	0.5	0.1	0.9	15	-9	0.12	79.5	0.965	1	0	1	1	1	0	0	0
20191104	030900	1112	0.00	0.08	0.00	0.08	3	0.97	0.96	6817370000.00	1918620000000000.00		0	0	11	12	0	37.19	102.86	0.8	0.5	5	0.1	2.5	2.5	0.9	0.99	0.5	0.1	0.9	15	-9	0.12	79.5	0.965	1	0	1	1	1	0	0	0
20191104	031000	1112	0.00	0.02	0.00	0.02	3	0.89	0.97	3256050000.00	1961870000000000.00		0	0	11	12	0	37.19	102.86	0.8	0.5	5	0.1	2.5	2.5	0.9	0.99	0.5	0.1	0.9	15	-9	0.12	79.5	0.965	1	0	1	1	1	0	0	0
20191104	031100	1112	0.00	0.03	0.00	0.03	3	0.89	0.95	1045350000.00	1792720000000000.00		0	0	11	12	0	37.19	102.86	0.8	0.5	5	0.1	2.5	2.5	0.9	0.99	0.5	0.1	0.9	15	-9	0.12	79.5	0.965	1	0	1	1	1	0	0	0
20191104	031200	1112	0.00	0.03	0.00	0.03	3	0.89	0.94	1956630000.00	1839480000000000.00		0	0	11	12	0	37.19	102.86	0.8	0.5	5	0.1	2.5	2.5	0.9	0.99	0.5	0.1	0.9	15	-9	0.12	79.5	0.965	1	0	1	1	1	0	0	0
20191104	031300	1112	0.00	0.03	0.00	0.03	3	0.90	0.91	4657980000.00	2074340000000000.00		0	0	11	12	0	37.19	102.86	0.8	0.5	5	0.1	2.5	2.5	0.9	0.99	0.5	0.1	0.9	15	-9	0.12	79.5	0.965	1	0	1	1	1	0	0	0
20191104	031400	1112	0.00	0.03	0.00	0.03	3	0.89	0.94	2085580000.00	1859860000000000.00		0	0	11	12	0	37.19	102.86	0.8	0.5	5	0.1	2.5	2.5	0.9	0.99	0.5	0.1	0.9	15	-9	0.12	79.5	0.965	1	0	1	1	1	0	0	0
20191104	031500	1112	0.00	0.03	0.00	0.03	3	0.90	0.95	460942000.00	1580990000000000.00		0	0	11	12	0	37.19	102.86	0.8	0.5	5	0.1	2.5	2.5	0.9	0.99	0.5	0.1	0.9	15	-9	0.12	79.5	0.965	1	0	1	1	1	0	0	0
20191104	031600	1112	0.00	0.03	0.00	0.03	3	0.90	0.94	2601030000.00	2029860000000000.00		0	0	11	12	0	37.19	102.86	0.8	0.5	5	0.1	2.5	2.5	0.9	0.99	0.5	0.1	0.9	15	-9	0.12	79.5	0.965	1	0	1	1	1	0	0	0
20191104	031700	1112	0.00	0.03	0.00	0.03	3	0.90	0.96	2744240000.00	1977750000000000.00		0	0	11	12	0	37.19	102.86	0.8	0.5	5	0.1	2.5	2.5	0.9	0.99	0.5	0.1	0.9	15	-9	0.12	79.5	0.965	1	0	1	1	1	0	0	0
20191104	031800	1112	0.00	0.04	0.00	0.04	3	0.90	0.96	1557960000.00	1781220000000000.00		0	0	11	12	0	37.19	102.86	0.8	0.5	5	0.1	2.5	2.5	0.9	0.99	0.5	0.1	0.9	15	-9	0.12	79.5	0.965	1	0	1	1	1	0	0	0
20191104	031900	1112	0.00	0.04	0.00	0.04	3	0.90	0.99	1432970000.00	1638320000000000.00		0	0	11	12	0	37.19	102.86	0.8	0.5	5	0.1	2.5	2.5	0.9	0.99	0.5	0.1	0.9	15	-9	0.12	79.5	0.965	1	0	1	1	1	0	0	0
20191104	032000	1112	0.00	0.04	0.00	0.04	3	0.91	0.97	2837000000.00	1768230000000000.00		0	0	11	12	0	37.19	102.86	0.8	0.5	5	0.1	2.5	2.5	0.9	0.99	0.5	0.1	0.9	15	-9	0.12	79.5	0.965	1	0	1	1	1	0	0	0
20191104	032100	1112	0.00	0.04	0.00	0.04	3	0.91	0.98	3887790000.00	1613410000000000.00		0	0	11	12	0	37.19	102.86	0.8	0.5	5	0.1	2.5	2.5	0.9	0.99	0.5	0.1	0.9	15	-9	0.12	79.5	0.965	1	0	1	1	1	0	0	0
20191104	032200	1112	0.00	0.05	0.00	0.05	3	0.91	0.96	1465670000.00	1675710000000000.00		0	0	11	12	0	37.19	102.86	0.8	0.5	5	0.1	2.5	2.5	0.9	0.99	0.5	0.1	0.9	15	-9	0.12	79.5	0.965	1	0	1	1	1	0	0	0
20191104	032300	1112	0.00	0.05	0.00	0.05	3	0.91	0.96	1883070000.00	1614690000000000.00		0	0	11	12	0	37.19	102.86	0.8	0.5	5	0.1	2.5	2.5	0.9	0.99	0.5	0.1	0.9	15	-9	0.12	79.5	0.965	1	0	1	1	1	0	0	0
20191104	032400	1112	0.00	0.05	0.00	0.05	3	0.91	0.96	2752800000.00	1920570000000000.00		0	0	11	12	0	37.19	102.86	0.8	0.5	5	0.1	2.5	2.5	0.9	0.99	0.5	0.1	0.9	15	-9	0.12	79.5	0.965	1	0	1	1	1	0	0	0
20191104	032500	1112	0.00	0.05	0.00	0.05	3	0.91	0.98	1690600000.00	1932860000000000.00		0	0	11	12	0	37.19	102.86	0.8	0.5	5	0.1	2.5	2.5	0.9	0.99	0.5	0.1	0.9	15	-9	0.12	79.5	0.965	1	0	1	1	1	0	0	0
20191104	032600	1112	0.00	0.05	0.00	0.05	3	0.91	0.96	1592640000.00	1820860000000000.00		0	0	11	12	0	37.19	102.86	0.8	0.5	5	0.1	2.5	2.5	0.9	0.99	0.5	0.1	0.9	15	-9	0.12	79.5	0.965	1	0	1	1	1	0	0	0
20191104	032700	1112	0.00	0.05	0.00	0.05	3	0.91	0.96	3965850000.00	1992070000000000.00		0	0	11	12	0	37.19	102.86	0.8	0.5	5	0.1	2.5	2.5	0.9	0.99	0.5	0.1	0.9	15	-9	0.12	79.5	0.965	1	0	1	1	1	0	0	0
20191104	032800	1112	0.00	0.06	0.00	0.06	3	0.91	0.96	2.15	198.04		0	0	11	12	0	37.19	102.86	0.8	0.5	5	0.1	2.5	2.5	0.9	0.99	0.5	0.1	0.9	15	-9	0.12	79.5	0.965	1	0	1	1	1	0	0	0
20191104	032900	1112	0.00	0.07	0.00	0.07	3	0.91	0.96	2.15	1627.46		0	0	11	12	0	37.19	102.86	0.8	0.5	5	0.1	2.5	2.5	0.9	0.99	0.5	0.1	0.9	15	-9	0.12	79.5	0.965	1	0	1	1	1	0	0	0
20191104	033000	1112	0.00	0.07	0.00	0.07	3	0.91	0.97	2.15	301.19		0	0	11	12	0	37.19	102.86	0.8	0.5	5	0.1	2.5	2.5	0.9	0.99	0.5	0.1	0.9	15	-9	0.12	79.5	0.965	1	0	1	1	1	0	0	0
20191104	033100	1112	0.00	0.07	0.00	0.07	3	0.91	0.98	3729450000.00	1867420000000000.00		0	0	11	12	0	37.19	102.86	0.8	0.5	5	0.1	2.5	2.5	0.9	0.99	0.5	0.1	0.9	15	-9	0.12	79.5	0.965	1	0	1	1	1	0	0	0
20191104	033200	1112	0.00	0.07	0.00	0.07	3	0.91	0.95	1597210000.00	1826100000000000.00		0	0	11	12	0	37.19	102.86	0.8	0.5	5	0.1	2.5	2.5	0.9	0.99	0.5	0.1	0.9	15	-9	0.12	79.5	0.965	1	0	1	1	1	0	0	0
20191104	033300	1112	0.00	0.08	0.00	0.08	3	0.91	0.97	1058920000.00	1816000000000000.00		0	0	11	12	0	37.19	102.86	0.8	0.5	5	0.1	2.5	2.5	0.9	0.99	0.5	0.1	0.9	15	-9	0.12	79.5	0.965	1	0	1	1	1	0	0	0
20191104	033400	1112	0.00	0.08	0.00	0.08	3	0.91	0.97	4853940000.00	1924720000000000.00		0	0	11	12	0	37.19	102.86	0.8	0.5	5	0.1	2.5	2.5	0.9	0.99	0.5	0.1	0.9	15	-9	0.12	79.5	0.965	1	0	1	1	1	0	0	0
20191104	033500	1112	0.00	0.08	0.00	0.08	3	0.92	0.98	1973650000.00	1788870000000000.00		0	0	11	12	0	37.19	102.86	0.8	0.5	5	0.1	2.5	2.5	0.9	0.99	0.5	0.1	0.9	15	-9	0.12	79.5	0.965	1	0	1	1	1	0	0	0
20191104	033600	1112	0.00	0.08	0.00	0.08	3	0.92	0.95	2.12	86.38		0	0	11	12	0	37.19	102.86	0.8	0.5	5	0.1	2.5	2.5	0.9	0.99	0.5	0.1	0.9	15	-9	0.12	79.5	0.965	1	0	1	1	1	0	0	0
20191104	033700	1112	0.00	0.09	0.00	0.09	3	0.92	0.97	1636590000.00	1871120000000000.00		0	0	11	12	0	37.19	102.86	0.8	0.5	5	0.1	2.5	2.5	0.9	0.99	0.5	0.1	0.9	15	-9	0.12	79.5	0.965	1	0	1	1	1	0	0	0
20191104	033800	1112	0.00	0.09	0.00	0.09	3	0.92	0.98	2.11	1584.74		0	0	11	12	0	37.19	102.86	0.8	0.5	5	0.1	2.5	2.5	0.9	0.99	0.5	0.1	0.9	15	-9	0.12	79.5	0.965	1	0	1	1	1	0	0	0
20191104	033900	1112	0.00	0.09	0.00	0.09	3	0.91	0.96	1470950000.00	1681730000000000.00		0	0	11	12	0	37.19	102.86	0.8	0.5	5	0.1	2.5	2.5	0.9	0.99	0.5	0.1	0.9	15	-9	0.12	79.5	0.965	1	0	1	1	1	0	0	0
20191104	034000	1112	0.00	0.08	0.00	0.08	3	0.91	0.96	1122260000.00	1924630000000000.00		0	0	11	12	0	37.19	102.86	0.8	0.5	5	0.1	2.5	2.5	0.9	0.99	0.5	0.1	0.9	15	-9	0.12	79.5	0.965	1	0	1	1	1	0	0	0
20191104	034100	1112	0.00	0.08	0.00	0.08	3	0.91	0.97	533068000.00	1828370000000000.00		0	0	11	12	0	37.19	102.86	0.8	0.5	5	0.1	2.5	2.5	0.9	0.99	0.5	0.1	0.9	15	-9	0.12	79.5	0.965	1	0	1	1	1	0	0	0
20191104	034200	1112	0.00	0.08	0.00	0.08	3	0.92	0.96	491609000.00	1686170000000000.00		0	0	11	12	0	37.19	102.86	0.8	0.5	5	0.1	2.5	2.5	0.9	0.99	0.5	0.1	0.9	15	-9	0.12	79.5	0.965	1	0	1	1	1	0	0	0
20191104	034300	1112	0.00	0.08	0.00	0.08	3	0.92	0.96	2.12	220.41		0	0	11	12	0	37.19	102.86	0.8	0.5	5	0.1	2.5	2.5	0.9	0.99	0.5	0.1	0.9	15	-9	0.12	79.5	0.965	1	0	1	1	1	0	0	0
20191104	034400	1112	0.00	0.08	0.00	0.08	3	0.91	0.96	1563530000.00	1787580000000000.00		0	0	11	12	0	37.19	102.86	0.8	0.5	5	0.1	2.5	2.5	0.9	0.99	0.5	0.1	0.9	15	-9	0.12	79.5	0.965	1	0	1	1	1	0	0	0
20191104	034500	1112	0.00	0.08	0.00	0.08	3	0.92	0.96	2.12	204.79		0	0	11	12	0	37.19	102.86	0.8	0.5	5	0.1	2.5	2.5	0.9	0.99	0.5	0.1	0.9	15	-9	0.12	79.5	0.965	1	0	1	1	1	0	0	0
20191104	034600	1112	0.00	0.09	0.00	0.09	3	0.91	0.99	1193170000.00	2046220000000000.00		0	0	11	12	0	37.19	102.86	0.8	0.5	5	0.1	2.5	2.5	0.9	0.99	0.5	0.1	0.9	15	-9	0.12	79.5	0.965	1	0	1	1	1	0	0	0
20191104	034700	1112	0.00	0.09	0.00	0.09	3	0.91	0.98	7297100000.00	2240400000000000.00		0	0	11	12	0	37.19	102.86	0.8	0.5	5	0.1	2.5	2.5	0.9	0.99	0.5	0.1	0.9	15	-9	0.12	79.5	0.965	1	0	1	1	1	0	0	0
20191104	034800	1112	0.00	0.09	0.00	0.09	3	0.91	0.96	2.13	4835.23		0	0	11	12	0	37.19	102.86	0.8	0.5	5	0.1	2.5	2.5	0.9	0.99	0.5	0.1	0.9	15	-9	0.12	79.5	0.965	1	0	1	1	1	0	0	0
20191104	034900	1112	0.00	0.09	0.00	0.09	3	0.91	0.96	1125980000.00	1931000000000000.00		0	0	11	12	0	37.19	102.86	0.8	0.5	5	0.1	2.5	2.5	0.9	0.99	0.5	0.1	0.9	15	-9	0.12	79.5	0.965	1	0	1	1	1	0	0	0
20191104	035000	1112	0.00	0.09	0.00	0.09	3	0.90	0.95	2.14	329.90		0	0	11	12	0	37.19	102.86	0.8	0.5	5	0.1	2.5	2.5	0.9	0.99	0.5	0.1	0.9	15	-9	0.12	79.5	0.965	1	0	1	1	1	0	0	0
20191104	035100	1112	0.00	0.09	0.00	0.09	3	0.90	0.95	1500050000.00	1715010000000000.00		0	0	11	12	0	37.19	102.86	0.8	0.5	5	0.1	2.5	2.5	0.9	0.99	0.5	0.1	0.9	15	-9	0.12	79.5	0.965	1	0	1	1	1	0	0	0
20191104	035200	1112	0.00	0.10	0.00	0.10	3	0.90	0.98	2.13	177.75		0	0	11	12	0	37.19	102.86	0.8	0.5	5	0.1	2.5	2.5	0.9	0.99	0.5	0.1	0.9	15	-9	0.12	79.5	0.965	1	0	1	1	1	0	0	0
20191104	035300	1112	0.00	0.10	0.00	0.10	3	0.91	0.96	2253500000.00	1932320000000000.00		0	0	11	12	0	37.19	102.86	0.8	0.5	5	0.1	2.5	2.5	0.9	0.99	0.5	0.1	0.9	15	-9	0.12	79.5	0.965	1	0	1	1	1	0	0	0
20191104	035400	1112	0.00	0.10	0.00	0.10	1	0.91	0.96	1690820000.00	1933110000000000.00		0	0	11	12	0	37.19	102.86	0.8	0.5	5	0.1	2.5	2.5	0.9	0.99	0.5	0.1	0.9	15	-9	0.12	79.5	0.965	1	0	1	1	1	0	0	0
20191104	035500	1112	0.00	0.11	0.00	0.11	3	0.91	0.96	1495880000.00	1710250000000000.00		0	0	11	12	0	37.19	102.86	0.8	0.5	5	0.1	2.5	2.5	0.9	0.99	0.5	0.1	0.9	15	-9	0.12	79.5	0.965	1	0	1	1	1	0	0	0
20191104	035600	1112	0.00	0.11	0.00	0.11	1	0.90	0.98	2.13	575.77		0	0	11	12	0	37.19	102.86	0.8	0.5	5	0.1	2.5	2.5	0.9	0.99	0.5	0.1	0.9	15	-9	0.12	79.5	0.965	1	0	1	1	1	0	0	0
20191104	035700	1112	0.00	0.11	0.00	0.11	1	0.90	0.98	4013910000.00	2294560000000000.00		0	0	11	12	0	37.19	102.86	0.8	0.5	5	0.1	2.5	2.5	0.9	0.99	0.5	0.1	0.9	15	-9	0.12	79.5	0.965	1	0	1	1	1	0	0	0
20191104	035800	1112	0.00	0.12	0.00	0.12	1	0.91	0.96	2.12	822.66		0	0	11	12	0	37.19	102.86	0.8	0.5	5	0.1	2.5	2.5	0.9	0.99	0.5	0.1	0.9	15	-9	0.12	79.5	0.965	1	0	1	1	1	0	0	0
20191104	035900	1112	0.00	0.12	0.00	0.12	3	0.90	0.96	2.11	1406.26		0	0	11	12	0	37.19	102.86	0.8	0.5	5	0.1	2.5	2.5	0.9	0.99	0.5	0.1	0.9	15	-9	0.12	79.5	0.965	1	0	1	1	1	0	0	0
20191104	040000	1112	0.00	0.12	0.00	0.12	3	0.90	0.96	2.22	87925.00		0	0	11	12	0	37.19	102.86	0.8	0.5	5	0.1	2.5	2.5	0.9	0.99	0.5	0.1	0.9	15	-9	0.12	79.5	0.965	1	0	1	1	1	0	0	0
20191104	040100	1112	0.00	0.13	0.00	0.13	3	0.90	0.98	2.12	174.32		0	0	11	12	0	37.19	102.86	0.8	0.5	5	0.1	2.5	2.5	0.9	0.99	0.5	0.1	0.9	15	-9	0.12	79.5	0.965	1	0	1	1	1	0	0	0
20191104	040200	1112	0.00	0.13	0.00	0.13	3	0.90	0.96	2.11	63.79		0	0	11	12	0	37.19	102.86	0.8	0.5	5	0.1	2.5	2.5	0.9	0.99	0.5	0.1	0.9	15	-9	0.12	79.5	0.965	1	0	1	1	1	0	0	0
20191104	040300	1112	0.00	0.13	0.00	0.13	3	0.90	0.96	2.10	60.12		0	0	11	12	0	37.19	102.86	0.8	0.5	5	0.1	2.5	2.5	0.9	0.99	0.5	0.1	0.9	15	-9	0.12	79.5	0.965	1	0	1	1	1	0	0	0
20191104	040400	1112	0.00	0.12	0.00	0.12	3	0.91	0.98	2.11	1285.83		0	0	11	12	0	37.19	102.86	0.8	0.5	5	0.1	2.5	2.5	0.9	0.99	0.5	0.1	0.9	15	-9	0.12	79.5	0.965	1	0	1	1	1	0	0	0
20191104	040500	1112	0.00	0.12	0.00	0.12	3	0.91	0.96	2.10	133.25		0	0	11	12	0	37.19	102.86	0.8	0.5	5	0.1	2.5	2.5	0.9	0.99	0.5	0.1	0.9	15	-9	0.12	79.5	0.965	1	0	1	1	1	0	0	0
20191104	040600	1112	0.00	0.12	0.00	0.12	3	0.92	0.96	1683580000.00	1924830000000000.00		0	0	11	12	0	37.19	102.86	0.8	0.5	5	0.1	2.5	2.5	0.9	0.99	0.5	0.1	0.9	15	-9	0.12	79.5	0.965	1	0	1	1	1	0	0	0
20191104	040700	1112	0.00	0.12	0.00	0.12	3	0.92	0.96	2.09	980.57		0	0	11	12	0	37.19	102.86	0.8	0.5	5	0.1	2.5	2.5	0.9	0.99	0.5	0.1	0.9	15	-9	0.12	79.5	0.965	1	0	1	1	1	0	0	0
20191104	040800	1112	0.00	0.12	0.00	0.12	3	0.92	0.96	2556790000.00	2192390000000000.00		0	0	11	12	0	37.19	102.86	0.8	0.5	5	0.1	2.5	2.5	0.9	0.99	0.5	0.1	0.9	15	-9	0.12	79.5	0.965	1	0	1	1	1	0	0	0
20191104	040900	1112	0.00	0.12	0.00	0.12	3	0.92	0.98	2.08	529.94		0	0	11	12	0	37.19	102.86	0.8	0.5	5	0.1	2.5	2.5	0.9	0.99	0.5	0.1	0.9	15	-9	0.12	79.5	0.965	1	0	1	1	1	0	0	0
20191104	041000	1112	0.00	0.12	0.00	0.12	3	0.93	0.98	2.07	100.89		0	0	11	12	0	37.19	102.86	0.8	0.5	5	0.1	2.5	2.5	0.9	0.99	0.5	0.1	0.9	15	-9	0.12	79.5	0.965	1	0	1	1	1	0	0	0
20191104	041100	1112	0.00	0.11	0.00	0.11	3	0.93	0.97	2.08	127.79		0	0	11	12	0	37.19	102.86	0.8	0.5	5	0.1	2.5	2.5	0.9	0.99	0.5	0.1	0.9	15	-9	0.12	79.5	0.965	1	0	1	1	1	0	0	0
20191104	041200	1112	0.00	0.11	0.00	0.11	3	0.93	0.97	2.07	74.88		0	0	11	12	0	37.19	102.86	0.8	0.5	5	0.1	2.5	2.5	0.9	0.99	0.5	0.1	0.9	15	-9	0.12	79.5	0.965	1	0	1	1	1	0	0	0
20191104	041300	1112	0.00	0.11	0.00	0.11	3	0.94	0.95	2.06	184.09		0	0	11	12	0	37.19	102.86	0.8	0.5	5	0.1	2.5	2.5	0.9	0.99	0.5	0.1	0.9	15	-9	0.12	79.5	0.965	1	0	1	1	1	0	0	0
20191104	041400	1112	0.00	0.11	0.00	0.11	3	0.94	0.96	1077010000.00	1847030000000000.00		0	0	11	12	0	37.19	102.86	0.8	0.5	5	0.1	2.5	2.5	0.9	0.99	0.5	0.1	0.9	15	-9	0.12	79.5	0.965	1	0	1	1	1	0	0	0
20191104	041500	1112	0.00	0.11	0.00	0.11	3	0.94	0.97	2.05	29.50		0	0	11	12	0	37.19	102.86	0.8	0.5	5	0.1	2.5	2.5	0.9	0.99	0.5	0.1	0.9	15	-9	0.12	79.5	0.965	1	0	1	1	1	0	0	0
20191104	041600	1112	0.00	0.12	0.00	0.12	3	0.94	0.95	1153280000.00	1977820000000000.00		0	0	11	12	0	37.19	102.86	0.8	0.5	5	0.1	2.5	2.5	0.9	0.99	0.5	0.1	0.9	15	-9	0.12	79.5	0.965	1	0	1	1	1	0	0	0
20191104	041700	1112	0.00	0.12	0.00	0.12	3	0.94	0.97	2.05	134.33		0	0	11	12	0	37.19	102.86	0.8	0.5	5	0.1	2.5	2.5	0.9	0.99	0.5	0.1	0.9	15	-9	0.12	79.5	0.965	1	0	1	1	1	0	0	0
20191104	041800	1112	0.00	0.13	0.00	0.13	3	0.94	0.96	2.05	113.77		0	0	11	12	0	37.19	102.86	0.8	0.5	5	0.1	2.5	2.5	0.9	0.99	0.5	0.1	0.9	15	-9	0.12	79.5	0.965	1	0	1	1	1	0	0	0
20191104	041900	1112	0.00	0.13	0.00	0.13	3	0.94	0.96	2.04	66.49		0	0	11	12	0	37.19	102.86	0.8	0.5	5	0.1	2.5	2.5	0.9	0.99	0.5	0.1	0.9	15	-9	0.12	79.5	0.965	1	0	1	1	1	0	0	0
20191104	042000	1112	0.00	0.12	0.00	0.12	3	0.94	0.96	2.04	198.83		0	0	11	12	0	37.19	102.86	0.8	0.5	5	0.1	2.5	2.5	0.9	0.99	0.5	0.1	0.9	15	-9	0.12	79.5	0.965	1	0	1	1	1	0	0	0
20191104	042100	1112	0.00	0.12	0.00	0.12	3	0.94	0.98	514172000.00	1763560000000000.00		0	0	11	12	0	37.19	102.86	0.8	0.5	5	0.1	2.5	2.5	0.9	0.99	0.5	0.1	0.9	15	-9	0.12	79.5	0.965	1	0	1	1	1	0	0	0
20191104	042200	1112	0.00	0.12	0.00	0.12	3	0.94	0.97	2.05	118.78		0	0	11	12	0	37.19	102.86	0.8	0.5	5	0.1	2.5	2.5	0.9	0.99	0.5	0.1	0.9	15	-9	0.12	79.5	0.965	1	0	1	1	1	0	0	0
20191104	042300	1112	0.00	0.12	0.00	0.12	3	0.95	0.97	2.03	586.58		0	0	11	12	0	37.19	102.86	0.8	0.5	5	0.1	2.5	2.5	0.9	0.99	0.5	0.1	0.9	15	-9	0.12	79.5	0.965	1	0	1	1	1	0	0	0
20191104	042400	1112	0.00	0.11	0.00	0.11	3	0.95	0.97	1176460000.00	2017570000000000.00		0	0	11	12	0	37.19	102.86	0.8	0.5	5	0.1	2.5	2.5	0.9	0.99	0.5	0.1	0.9	15	-9	0.12	79.5	0.965	1	0	1	1	1	0	0	0
20191104	042500	1112	0.00	0.11	0.00	0.11	3	0.95	0.96	2.03	283.27		0	0	11	12	0	37.19	102.86	0.8	0.5	5	0.1	2.5	2.5	0.9	0.99	0.5	0.1	0.9	15	-9	0.12	79.5	0.965	1	0	1	1	1	0	0	0
20191104	042600	1112	0.00	0.11	0.00	0.11	3	0.95	0.96	1246890000.00	1425580000000000.00		0	0	11	12	0	37.19	102.86	0.8	0.5	5	0.1	2.5	2.5	0.9	0.99	0.5	0.1	0.9	15	-9	0.12	79.5	0.965	1	0	1	1	1	0	0	0
20191104	042700	1112	0.00	0.11	0.00	0.11	3	0.96	0.96	1329750000.00	1520300000000000.00		0	0	11	12	0	37.19	102.86	0.8	0.5	5	0.1	2.5	2.5	0.9	0.99	0.5	0.1	0.9	15	-9	0.12	79.5	0.965	1	0	1	1	1	0	0	0
20191104	042800	1112	0.00	0.11	0.00	0.11	3	0.96	0.97	2.01	527.22		0	0	11	12	0	37.19	102.86	0.8	0.5	5	0.1	2.5	2.5	0.9	0.99	0.5	0.1	0.9	15	-9	0.12	79.5	0.965	1	0	1	1	1	0	0	0
20191104	042900	1112	0.00	0.11	0.00	0.11	3	0.96	0.96	2.01	1298.65		0	0	11	12	0	37.19	102.86	0.8	0.5	5	0.1	2.5	2.5	0.9	0.99	0.5	0.1	0.9	15	-9	0.12	79.5	0.965	1	0	1	1	1	0	0	0
20191104	043000	1112	0.00	0.12	0.00	0.12	3	0.96	0.96	2.00	551.77		0	0	11	12	0	37.19	102.86	0.8	0.5	5	0.1	2.5	2.5	0.9	0.99	0.5	0.1	0.9	15	-9	0.12	79.5	0.965	1	0	1	1	1	0	0	0
20191104	043100	1112	0.00	0.12	0.00	0.12	3	0.96	0.96	1005740000.00	1724790000000000.00		0	0	11	12	0	37.19	102.86	0.8	0.5	5	0.1	2.5	2.5	0.9	0.99	0.5	0.1	0.9	15	-9	0.12	79.5	0.965	1	0	1	1	1	0	0	0
20191104	043200	1112	0.00	0.11	0.00	0.11	3	0.97	0.98	1.99	519.29		0	0	11	12	0	37.19	102.86	0.8	0.5	5	0.1	2.5	2.5	0.9	0.99	0.5	0.1	0.9	15	-9	0.12	79.5	0.965	1	0	1	1	1	0	0	0
20191104	043300	1112	0.00	0.11	0.00	0.11	3	0.97	0.96	1.99	182.67		0	0	11	12	0	37.19	102.86	0.8	0.5	5	0.1	2.5	2.5	0.9	0.99	0.5	0.1	0.9	15	-9	0.12	79.5	0.965	1	0	1	1	1	0	0	0
20191104	043400	1112	0.00	0.11	0.00	0.11	3	0.97	0.97	863255000.00	1501650000000000.00		0	0	11	12	0	37.19	102.86	0.8	0.5	5	0.1	2.5	2.5	0.9	0.99	0.5	0.1	0.9	15	-9	0.12	79.5	0.965	1	0	1	1	1	0	0	0
20191104	043500	1112	0.00	0.12	0.00	0.12	3	0.97	0.98	1.99	1418.72		0	0	11	12	0	37.19	102.86	0.8	0.5	5	0.1	2.5	2.5	0.9	0.99	0.5	0.1	0.9	15	-9	0.12	79.5	0.965	1	0	1	1	1	0	0	0
20191104	043600	1112	0.00	0.12	0.00	0.12	3	0.97	0.96	1.99	83.51		0	0	11	12	0	37.19	102.86	0.8	0.5	5	0.1	2.5	2.5	0.9	0.99	0.5	0.1	0.9	15	-9	0.12	79.5	0.965	1	0	1	1	1	0	0	0
20191104	043700	1112	0.00	0.13	0.00	0.13	3	0.97	0.96	1.98	403.56		0	0	11	12	0	37.19	102.86	0.8	0.5	5	0.1	2.5	2.5	0.9	0.99	0.5	0.1	0.9	15	-9	0.12	79.5	0.965	1	0	1	1	1	0	0	0
20191104	043800	1112	0.00	0.13	0.00	0.13	3	0.97	0.98	1.97	105.82		0	0	11	12	0	37.19	102.86	0.8	0.5	5	0.1	2.5	2.5	0.9	0.99	0.5	0.1	0.9	15	-9	0.12	79.5	0.965	1	0	1	1	1	0	0	0
20191104	043900	1112	0.00	0.13	0.00	0.13	3	0.97	0.97	1.97	165.45		0	0	11	12	0	37.19	102.86	0.8	0.5	5	0.1	2.5	2.5	0.9	0.99	0.5	0.1	0.9	15	-9	0.12	79.5	0.965	1	0	1	1	1	0	0	0
20191104	044000	1112	0.00	0.13	0.00	0.13	3	0.97	0.96	1.97	76.64		0	0	11	12	0	37.19	102.86	0.8	0.5	5	0.1	2.5	2.5	0.9	0.99	0.5	0.1	0.9	15	-9	0.12	79.5	0.965	1	0	1	1	1	0	0	0
20191104	044100	1112	0.00	0.13	0.00	0.13	3	0.98	0.96	1.97	68.07		0	0	11	12	0	37.19	102.86	0.8	0.5	5	0.1	2.5	2.5	0.9	0.99	0.5	0.1	0.9	15	-9	0.12	79.5	0.965	1	0	1	1	1	0	0	0
20191104	044200	1112	0.00	0.13	0.00	0.13	3	0.98	0.98	1.96	42.80		0	0	11	12	0	37.19	102.86	0.8	0.5	5	0.1	2.5	2.5	0.9	0.99	0.5	0.1	0.9	15	-9	0.12	79.5	0.965	1	0	1	1	1	0	0	0
20191104	044300	1112	0.00	0.14	0.00	0.14	3	0.98	0.96	1.96	112.57		0	0	11	12	0	37.19	102.86	0.8	0.5	5	0.1	2.5	2.5	0.9	0.99	0.5	0.1	0.9	15	-9	0.12	79.5	0.965	1	0	1	1	1	0	0	0
20191104	044400	1112	0.00	0.14	0.00	0.14	3	0.98	0.96	1.96	1630.32		0	0	11	12	0	37.19	102.86	0.8	0.5	5	0.1	2.5	2.5	0.9	0.99	0.5	0.1	0.9	15	-9	0.12	79.5	0.965	1	0	1	1	1	0	0	0
20191104	044500	1112	0.00	0.13	0.00	0.13	3	0.97	0.96	1.97	124.21		0	0	11	12	0	37.19	102.86	0.8	0.5	5	0.1	2.5	2.5	0.9	0.99	0.5	0.1	0.9	15	-9	0.12	79.5	0.965	1	0	1	1	1	0	0	0
20191104	044600	1112	0.00	0.13	0.00	0.13	3	0.97	0.95	451761000.00	1549500000000000.00		0	0	11	12	0	37.19	102.86	0.8	0.5	5	0.1	2.5	2.5	0.9	0.99	0.5	0.1	0.9	15	-9	0.12	79.5	0.965	1	0	1	1	1	0	0	0
20191104	044700	1112	0.00	0.13	0.00	0.13	3	0.97	0.98	1128110000.00	1934650000000000.00		0	0	11	12	0	37.19	102.86	0.8	0.5	5	0.1	2.5	2.5	0.9	0.99	0.5	0.1	0.9	15	-9	0.12	79.5	0.965	1	0	1	1	1	0	0	0
20191104	044800	1112	0.00	0.13	0.00	0.13	3	0.98	0.96	478528000.00	1641310000000000.00		0	0	11	12	0	37.19	102.86	0.8	0.5	5	0.1	2.5	2.5	0.9	0.99	0.5	0.1	0.9	15	-9	0.12	79.5	0.965	1	0	1	1	1	0	0	0
20191104	044900	1112	0.00	0.13	0.00	0.13	3	0.97	0.98	1638450000.00	1873240000000000.00		0	0	11	12	0	37.19	102.86	0.8	0.5	5	0.1	2.5	2.5	0.9	0.99	0.5	0.1	0.9	15	-9	0.12	79.5	0.965	1	0	1	1	1	0	0	0
20191104	045000	1112	0.00	0.13	0.00	0.13	3	0.98	0.98	1.97	50.19		0	0	11	12	0	37.19	102.86	0.8	0.5	5	0.1	2.5	2.5	0.9	0.99	0.5	0.1	0.9	15	-9	0.12	79.5	0.965	1	0	1	1	1	0	0	0
20191104	045100	1112	0.00	0.12	0.00	0.12	3	0.97	0.98	1.98	188.10		0	0	11	12	0	37.19	102.86	0.8	0.5	5	0.1	2.5	2.5	0.9	0.99	0.5	0.1	0.9	15	-9	0.12	79.5	0.965	1	0	1	1	1	0	0	0
20191104	045200	1112	0.00	0.12	0.00	0.12	3	0.98	0.96	1.98	91.98		0	0	11	12	0	37.19	102.86	0.8	0.5	5	0.1	2.5	2.5	0.9	0.99	0.5	0.1	0.9	15	-9	0.12	79.5	0.965	1	0	1	1	1	0	0	0
20191104	045300	1112	0.00	0.12	0.00	0.12	3	0.98	0.97	1.97	51.53		0	0	11	12	0	37.19	102.86	0.8	0.5	5	0.1	2.5	2.5	0.9	0.99	0.5	0.1	0.9	15	-9	0.12	79.5	0.965	1	0	1	1	1	0	0	0
20191104	045400	1112	0.00	0.11	0.00	0.11	3	0.98	0.96	1.97	153.20		0	0	11	12	0	37.19	102.86	0.8	0.5	5	0.1	2.5	2.5	0.9	0.99	0.5	0.1	0.9	15	-9	0.12	79.5	0.965	1	0	1	1	1	0	0	0
20191104	045500	1112	0.00	0.10	0.00	0.10	3	0.98	0.97	1.98	411.38		0	0	11	12	0	37.19	102.86	0.8	0.5	5	0.1	2.5	2.5	0.9	0.99	0.5	0.1	0.9	15	-9	0.12	79.5	0.965	1	0	1	1	1	0	0	0
20191104	045600	1112	0.00	0.10	0.00	0.10	3	0.99	0.96	1.96	223.20		0	0	11	12	0	37.19	102.86	0.8	0.5	5	0.1	2.5	2.5	0.9	0.99	0.5	0.1	0.9	15	-9	0.12	79.5	0.965	1	0	1	1	1	0	0	0
20191104	045700	1112	0.00	0.12	0.00	0.12	3	0.99	0.97	1.95	72.36		0	0	11	12	0	37.19	102.86	0.8	0.5	5	0.1	2.5	2.5	0.9	0.99	0.5	0.1	0.9	15	-9	0.12	79.5	0.965	1	0	1	1	1	0	0	0
20191104	045800	1112	0.00	0.12	0.00	0.12	3	0.99	0.97	1.95	33.91		0	0	11	12	0	37.19	102.86	0.8	0.5	5	0.1	2.5	2.5	0.9	0.99	0.5	0.1	0.9	15	-9	0.12	79.5	0.965	1	0	1	1	1	0	0	0
20191104	045900	1112	0.00	0.11	0.00	0.11	3	0.99	0.97	1.96	58.41		0	0	11	12	0	37.19	102.86	0.8	0.5	5	0.1	2.5	2.5	0.9	0.99	0.5	0.1	0.9	15	-9	0.12	79.5	0.965	1	0	1	1	1	0	0	0
20191104	050000	1112	0.00	0.11	0.00	0.11	3	0.98	0.96	1.97	639.52		0	0	11	12	0	37.19	102.86	0.8	0.5	5	0.1	2.5	2.5	0.9	0.99	0.5	0.1	0.9	15	-9	0.12	79.5	0.965	1	0	1	1	1	0	0	0
20191104	050100	1112	0.00	0.12	0.00	0.12	3	0.98	0.96	1.97	54.73		0	0	11	12	0	37.19	102.86	0.8	0.5	5	0.1	2.5	2.5	0.9	0.99	0.5	0.1	0.9	15	-9	0.12	79.5	0.965	1	0	1	1	1	0	0	0
20191104	050200	1112	0.00	0.12	0.00	0.12	3	0.98	0.97	404538000.00	1387530000000000.00		0	0	11	12	0	37.19	102.86	0.8	0.5	5	0.1	2.5	2.5	0.9	0.99	0.5	0.1	0.9	15	-9	0.12	79.5	0.965	1	0	1	1	1	0	0	0
20191104	050300	1112	0.00	0.13	0.00	0.13	3	0.98	0.98	1.96	52.16		0	0	11	12	0	37.19	102.86	0.8	0.5	5	0.1	2.5	2.5	0.9	0.99	0.5	0.1	0.9	15	-9	0.12	79.5	0.965	1	0	1	1	1	0	0	0
20191104	050400	1112	0.00	0.13	0.00	0.13	3	0.98	0.96	1.95	85.46		0	0	11	12	0	37.19	102.86	0.8	0.5	5	0.1	2.5	2.5	0.9	0.99	0.5	0.1	0.9	15	-9	0.12	79.5	0.965	1	0	1	1	1	0	0	0
20191104	050500	1112	0.00	0.13	0.00	0.13	3	0.98	0.95	1.95	238.99		0	0	11	12	0	37.19	102.86	0.8	0.5	5	0.1	2.5	2.5	0.9	0.99	0.5	0.1	0.9	15	-9	0.12	79.5	0.965	1	0	1	1	1	0	0	0
20191104	050600	1112	0.00	0.12	0.00	0.12	3	0.98	0.97	1.96	68.95		0	0	11	12	0	37.19	102.86	0.8	0.5	5	0.1	2.5	2.5	0.9	0.99	0.5	0.1	0.9	15	-9	0.12	79.5	0.965	1	0	1	1	1	0	0	0
20191104	050700	1112	0.00	0.12	0.00	0.12	3	0.98	0.97	1.96	142.28		0	0	11	12	0	37.19	102.86	0.8	0.5	5	0.1	2.5	2.5	0.9	0.99	0.5	0.1	0.9	15	-9	0.12	79.5	0.965	1	0	1	1	1	0	0	0
20191104	050800	1112	0.00	0.12	0.00	0.12	3	0.98	0.96	1.97	263.46		0	0	11	12	0	37.19	102.86	0.8	0.5	5	0.1	2.5	2.5	0.9	0.99	0.5	0.1	0.9	15	-9	0.12	79.5	0.965	1	0	1	1	1	0	0	0
20191104	050900	1112	0.00	0.12	0.00	0.12	3	0.98	0.98	1161430000.00	1991800000000000.00		0	0	11	12	0	37.19	102.86	0.8	0.5	5	0.1	2.5	2.5	0.9	0.99	0.5	0.1	0.9	15	-9	0.12	79.5	0.965	1	0	1	1	1	0	0	0
20191104	051000	1112	0.00	0.11	0.00	0.11	3	0.97	0.95	1.97	158.28		0	0	11	12	0	37.19	102.86	0.8	0.5	5	0.1	2.5	2.5	0.9	0.99	0.5	0.1	0.9	15	-9	0.12	79.5	0.965	1	0	1	1	1	0	0	0
20191104	051100	1112	0.00	0.11	0.00	0.11	3	0.97	0.95	1.98	281.80		0	0	11	12	0	37.19	102.86	0.8	0.5	5	0.1	2.5	2.5	0.9	0.99	0.5	0.1	0.9	15	-9	0.12	79.5	0.965	1	0	1	1	1	0	0	0
20191104	051200	1112	0.00	0.11	0.00	0.11	3	0.97	0.95	3205480000.00	1312050000000000.00		0	0	11	12	0	37.19	102.86	0.8	0.5	5	0.1	2.5	2.5	0.9	0.99	0.5	0.1	0.9	15	-9	0.12	79.5	0.965	1	0	1	1	1	0	0	0
20191104	051300	1112	0.00	0.11	0.00	0.11	3	0.97	0.96	1.99	86.93		0	0	11	12	0	37.19	102.86	0.8	0.5	5	0.1	2.5	2.5	0.9	0.99	0.5	0.1	0.9	15	-9	0.12	79.5	0.965	1	0	1	1	1	0	0	0
20191104	051400	1112	0.00	0.11	0.00	0.11	3	0.97	0.96	1.98	455.87		0	0	11	12	0	37.19	102.86	0.8	0.5	5	0.1	2.5	2.5	0.9	0.99	0.5	0.1	0.9	15	-9	0.12	79.5	0.965	1	0	1	1	1	0	0	0
20191104	051500	1112	0.00	0.10	0.00	0.10	3	0.97	0.96	1.99	1012.25		0	0	11	12	0	37.19	102.86	0.8	0.5	5	0.1	2.5	2.5	0.9	0.99	0.5	0.1	0.9	15	-9	0.12	79.5	0.965	1	0	1	1	1	0	0	0
20191104	051600	1112	0.00	0.10	0.00	0.10	3	0.96	0.97	368345000.00	1263390000000000.00		0	0	11	12	0	37.19	102.86	0.8	0.5	5	0.1	2.5	2.5	0.9	0.99	0.5	0.1	0.9	15	-9	0.12	79.5	0.965	1	0	1	1	1	0	0	0
20191104	051700	1112	0.00	0.11	0.00	0.11	3	0.97	0.95	1.99	437.75		0	0	11	12	0	37.19	102.86	0.8	0.5	5	0.1	2.5	2.5	0.9	0.99	0.5	0.1	0.9	15	-9	0.12	79.5	0.965	1	0	1	1	1	0	0	0
20191104	051800	1112	0.00	0.12	0.00	0.12	3	0.97	0.97	2325170000.00	1665200000000000.00		0	0	11	12	0	37.19	102.86	0.8	0.5	5	0.1	2.5	2.5	0.9	0.99	0.5	0.1	0.9	15	-9	0.12	79.5	0.965	1	0	1	1	1	0	0	0
20191104	051900	1112	0.00	0.12	0.00	0.12	3	0.98	0.98	1.97	67.82		0	0	11	12	0	37.19	102.86	0.8	0.5	5	0.1	2.5	2.5	0.9	0.99	0.5	0.1	0.9	15	-9	0.12	79.5	0.965	1	0	1	1	1	0	0	0
20191104	052000	1112	0.00	0.12	0.00	0.12	3	0.97	0.97	1.97	83.87		0	0	11	12	0	37.19	102.86	0.8	0.5	5	0.1	2.5	2.5	0.9	0.99	0.5	0.1	0.9	15	-9	0.12	79.5	0.965	1	0	1	1	1	0	0	0
20191104	052100	1112	0.00	0.13	0.00	0.13	3	0.98	0.96	1.97	446.24		0	0	11	12	0	37.19	102.86	0.8	0.5	5	0.1	2.5	2.5	0.9	0.99	0.5	0.1	0.9	15	-9	0.12	79.5	0.965	1	0	1	1	1	0	0	0
20191104	052200	1112	0.00	0.13	0.00	0.13	3	0.98	0.97	1.97	408.98		0	0	11	12	0	37.19	102.86	0.8	0.5	5	0.1	2.5	2.5	0.9	0.99	0.5	0.1	0.9	15	-9	0.12	79.5	0.965	1	0	1	1	1	0	0	0
20191104	052300	1112	0.00	0.12	0.00	0.12	3	0.97	0.97	1.97	631.71		0	0	11	12	0	37.19	102.86	0.8	0.5	5	0.1	2.5	2.5	0.9	0.99	0.5	0.1	0.9	15	-9	0.12	79.5	0.965	1	0	1	1	1	0	0	0
20191104	052400	1112	0.00	0.13	0.00	0.13	3	0.97	0.98	2245310000.00	1283530000000000.00		0	0	11	12	0	37.19	102.86	0.8	0.5	5	0.1	2.5	2.5	0.9	0.99	0.5	0.1	0.9	15	-9	0.12	79.5	0.965	1	0	1	1	1	0	0	0
20191104	052500	1112	0.00	0.13	0.00	0.13	3	0.97	0.96	1.97	98.62		0	0	11	12	0	37.19	102.86	0.8	0.5	5	0.1	2.5	2.5	0.9	0.99	0.5	0.1	0.9	15	-9	0.12	79.5	0.965	1	0	1	1	1	0	0	0
20191104	052700	1112	0.00	0.13	0.00	0.13	3	0.97	0.98	6030580000.00	1393170000000000.00		0	0	11	12	0	37.19	102.86	0.8	0.5	5	0.1	2.5	2.5	0.9	0.99	0.5	0.1	0.9	15	-9	0.12	79.5	0.965	1	0	1	1	1	0	0	0
20191104	052800	1112	0.00	0.14	0.00	0.14	3	0.97	0.96	480726000.00	1648840000000000.00		0	0	11	12	0	37.19	102.86	0.8	0.5	5	0.1	2.5	2.5	0.9	0.99	0.5	0.1	0.9	15	-9	0.12	79.5	0.965	1	0	1	1	1	0	0	0
20191104	052900	1112	0.00	0.15	0.00	0.15	3	0.97	0.95	1.97	140.26		0	0	11	12	0	37.19	102.86	0.8	0.5	5	0.1	2.5	2.5	0.9	0.99	0.5	0.1	0.9	15	-9	0.12	79.5	0.965	1	0	1	1	1	0	0	0
20191104	053000	1112	0.00	0.14	0.00	0.14	3	0.97	0.96	1.98	3172.55		0	0	11	12	0	37.19	102.86	0.8	0.5	5	0.1	2.5	2.5	0.9	0.99	0.5	0.1	0.9	15	-9	0.12	79.5	0.965	1	0	1	1	1	0	0	0
20191104	053100	1112	0.00	0.15	0.00	0.15	3	0.97	0.98	1.97	115.81		0	0	11	12	0	37.19	102.86	0.8	0.5	5	0.1	2.5	2.5	0.9	0.99	0.5	0.1	0.9	15	-9	0.12	79.5	0.965	1	0	1	1	1	0	0	0
20191104	053200	1112	0.00	0.15	0.00	0.15	3	0.97	0.98	1.98	1599.30		0	0	11	12	0	37.19	102.86	0.8	0.5	5	0.1	2.5	2.5	0.9	0.99	0.5	0.1	0.9	15	-9	0.12	79.5	0.965	1	0	1	1	1	0	0	0
20191104	053300	1112	0.00	0.15	0.00	0.15	3	0.96	0.95	1.98	645.29		0	0	11	12	0	37.19	102.86	0.8	0.5	5	0.1	2.5	2.5	0.9	0.99	0.5	0.1	0.9	15	-9	0.12	79.5	0.965	1	0	1	1	1	0	0	0
20191104	053400	1112	0.00	0.15	0.00	0.15	3	0.96	0.98	1.98	1257.08		0	0	11	12	0	37.19	102.86	0.8	0.5	5	0.1	2.5	2.5	0.9	0.99	0.5	0.1	0.9	15	-9	0.12	79.5	0.965	1	0	1	1	1	0	0	0
20191104	053500	1112	0.00	0.15	0.00	0.15	3	0.96	0.96	362458000.00	1243200000000000.00		0	0	11	12	0	37.19	102.86	0.8	0.5	5	0.1	2.5	2.5	0.9	0.99	0.5	0.1	0.9	15	-9	0.12	79.5	0.965	1	0	1	1	1	0	0	0
20191104	053600	1112	0.00	0.15	0.00	0.15	3	0.96	0.96	1.98	641.80		0	0	11	12	0	37.19	102.86	0.8	0.5	5	0.1	2.5	2.5	0.9	0.99	0.5	0.1	0.9	15	-9	0.12	79.5	0.965	1	0	1	1	1	0	0	0
20191104	052600	1112	0.00	0.13	0.00	0.13	3	0.97	0.98	1.98	824.81		0	0	11	12	0	37.19	102.86	0.8	0.5	5	0.1	2.5	2.5	0.9	0.99	0.5	0.1	0.9	15	-9	0.12	79.5	0.965	1	0	1	1	1	0	0	0
20191104	053700	1112	0.00	0.16	0.00	0.16	3	0.96	0.98	358365000.00	1229160000000000.00		0	0	11	12	0	37.19	102.86	0.8	0.5	5	0.1	2.5	2.5	0.9	0.99	0.5	0.1	0.9	15	-9	0.12	79.5	0.965	1	0	1	1	1	0	0	0
20191104	053800	1112	0.00	0.16	0.00	0.16	3	0.96	0.96	1.98	252.60		0	0	11	12	0	37.19	102.86	0.8	0.5	5	0.1	2.5	2.5	0.9	0.99	0.5	0.1	0.9	15	-9	0.12	79.5	0.965	1	0	1	1	1	0	0	0
20191104	053900	1112	0.00	0.16	0.00	0.16	3	0.96	0.97	1606790000.00	1377780000000000.00		0	0	11	12	0	37.19	102.86	0.8	0.5	5	0.1	2.5	2.5	0.9	0.99	0.5	0.1	0.9	15	-9	0.12	79.5	0.965	1	0	1	1	1	0	0	0
20191104	054000	1112	0.00	0.16	0.00	0.16	3	0.96	0.96	2.00	4375.04		0	0	11	12	0	37.19	102.86	0.8	0.5	5	0.1	2.5	2.5	0.9	0.99	0.5	0.1	0.9	15	-9	0.12	79.5	0.965	1	0	1	1	1	0	0	0
20191104	054100	1112	0.00	0.17	0.00	0.17	3	0.95	0.96	370905000.00	1272170000000000.00		0	0	11	12	0	37.19	102.86	0.8	0.5	5	0.1	2.5	2.5	0.9	0.99	0.5	0.1	0.9	15	-9	0.12	79.5	0.965	1	0	1	1	1	0	0	0
20191104	054200	1112	0.00	0.17	0.00	0.17	3	0.95	0.97	3144550000.00	1676580000000000.00		0	0	11	12	0	37.19	102.86	0.8	0.5	5	0.1	2.5	2.5	0.9	0.99	0.5	0.1	0.9	15	-9	0.12	79.5	0.965	1	0	1	1	1	0	0	0
20191104	054300	1112	0.00	0.18	0.00	0.18	3	0.95	0.98	328279000.00	1125960000000000.00		0	0	11	12	0	37.19	102.86	0.8	0.5	5	0.1	2.5	2.5	0.9	0.99	0.5	0.1	0.9	15	-9	0.12	79.5	0.965	1	0	1	1	1	0	0	0
20191104	054400	1112	0.00	0.19	0.00	0.19	3	0.95	0.97	386611000.00	1326040000000000.00		0	0	11	12	0	37.19	102.86	0.8	0.5	5	0.1	2.5	2.5	0.9	0.99	0.5	0.1	0.9	15	-9	0.12	79.5	0.965	1	0	1	1	1	0	0	0
20191104	054500	1112	0.00	0.19	0.00	0.19	3	0.95	0.98	1.98	740.54		0	0	11	12	0	37.19	102.86	0.8	0.5	5	0.1	2.5	2.5	0.9	0.99	0.5	0.1	0.9	15	-9	0.12	79.5	0.965	1	0	1	1	1	0	0	0
20191104	054600	1112	0.00	0.19	0.00	0.19	3	0.95	0.96	1.98	2001.11		0	0	11	12	0	37.19	102.86	0.8	0.5	5	0.1	2.5	2.5	0.9	0.99	0.5	0.1	0.9	15	-9	0.12	79.5	0.965	1	0	1	1	1	0	0	0
20191104	054700	1112	0.00	0.20	0.00	0.20	3	0.95	0.96	2927890000.00	1439320000000000.00		0	0	11	12	0	37.19	102.86	0.8	0.5	5	0.1	2.5	2.5	0.9	0.99	0.5	0.1	0.9	15	-9	0.12	79.5	0.965	1	0	1	1	1	0	0	0
20191104	054800	1112	0.00	0.20	0.00	0.20	3	0.95	0.97	400248000.00	1372810000000000.00		0	0	11	12	0	37.19	102.86	0.8	0.5	5	0.1	2.5	2.5	0.9	0.99	0.5	0.1	0.9	15	-9	0.12	79.5	0.965	1	0	1	1	1	0	0	0
20191104	054900	1112	0.00	0.20	0.00	0.20	3	0.95	0.97	2790720000.00	1506990000000000.00		0	0	11	12	0	37.19	102.86	0.8	0.5	5	0.1	2.5	2.5	0.9	0.99	0.5	0.1	0.9	15	-9	0.12	79.5	0.965	1	0	1	1	1	0	0	0
20191104	055000	1112	0.00	0.21	0.00	0.21	3	0.95	0.98	356960000.00	1224340000000000.00		0	0	11	12	0	37.19	102.86	0.8	0.5	5	0.1	2.5	2.5	0.9	0.99	0.5	0.1	0.9	15	-9	0.12	79.5	0.965	1	0	1	1	1	0	0	0
20191104	055100	1112	0.00	0.21	0.00	0.21	3	0.95	0.97	4341230000.00	1539510000000000.00		0	0	11	12	0	37.19	102.86	0.8	0.5	5	0.1	2.5	2.5	0.9	0.99	0.5	0.1	0.9	15	-9	0.12	79.5	0.965	1	0	1	1	1	0	0	0
20191104	055200	1112	0.00	0.21	0.00	0.21	3	0.95	0.98	1145830000.00	1466720000000000.00		0	0	11	12	0	37.19	102.86	0.8	0.5	5	0.1	2.5	2.5	0.9	0.99	0.5	0.1	0.9	15	-9	0.12	79.5	0.965	1	0	1	1	1	0	0	0
20191104	055300	1112	0.00	0.22	0.00	0.22	3	0.95	0.96	2617680000.00	1295800000000000.00		0	0	11	12	0	37.19	102.86	0.8	0.5	5	0.1	2.5	2.5	0.9	0.99	0.5	0.1	0.9	15	-9	0.12	79.5	0.965	1	0	1	1	1	0	0	0
20191104	055400	1112	0.00	0.22	0.00	0.22	3	0.95	0.98	1480640000.00	1269620000000000.00		0	0	11	12	0	37.19	102.86	0.8	0.5	5	0.1	2.5	2.5	0.9	0.99	0.5	0.1	0.9	15	-9	0.12	79.5	0.965	1	0	1	1	1	0	0	0
20191104	055500	1112	0.00	0.22	0.00	0.22	3	0.95	0.98	4373500000.00	1541240000000000.00		0	0	11	12	0	37.19	102.86	0.8	0.5	5	0.1	2.5	2.5	0.9	0.99	0.5	0.1	0.9	15	-9	0.12	79.5	0.965	1	0	1	1	1	0	0	0
20191104	055600	1112	0.00	0.22	0.00	0.22	3	0.96	0.96	3983720000.00	1362190000000000.00		0	0	11	12	0	37.19	102.86	0.8	0.5	5	0.1	2.5	2.5	0.9	0.99	0.5	0.1	0.9	15	-9	0.12	79.5	0.965	1	0	1	1	1	0	0	0
20191104	055700	1112	0.00	0.22	0.00	0.22	3	0.96	0.96	3880550000.00	1375620000000000.00		0	0	11	12	0	37.19	102.86	0.8	0.5	5	0.1	2.5	2.5	0.9	0.99	0.5	0.1	0.9	15	-9	0.12	79.5	0.965	1	0	1	1	1	0	0	0
20191104	055800	1112	0.00	0.22	0.00	0.22	3	0.96	0.96	4824880000.00	1550920000000000.00		0	0	11	12	0	37.19	102.86	0.8	0.5	5	0.1	2.5	2.5	0.9	0.99	0.5	0.1	0.9	15	-9	0.12	79.5	0.965	1	0	1	1	1	0	0	0
20191104	055900	1112	0.00	0.22	0.00	0.22	3	0.96	0.96	2178050000.00	1245080000000000.00		0	0	11	12	0	37.19	102.86	0.8	0.5	5	0.1	2.5	2.5	0.9	0.99	0.5	0.1	0.9	15	-9	0.12	79.5	0.965	1	0	1	1	1	0	0	0
20191104	060000	1112	0.00	0.22	0.00	0.22	3	0.96	0.98	344055000.00	1180070000000000.00		0	0	11	12	0	37.19	102.86	0.8	0.5	5	0.1	2.5	2.5	0.9	0.99	0.5	0.1	0.9	15	-9	0.12	79.5	0.965	1	0	1	1	1	0	0	0
20191104	060100	1112	0.00	0.22	0.00	0.22	3	0.96	0.97	2090650000.00	1195120000000000.00		0	0	11	12	0	37.19	102.86	0.8	0.5	5	0.1	2.5	2.5	0.9	0.99	0.5	0.1	0.9	15	-9	0.12	79.5	0.965	1	0	1	1	1	0	0	0
20191104	060200	1112	0.00	0.23	0.00	0.23	3	0.96	0.95	1.96	6557.01		0	0	11	12	0	37.19	102.86	0.8	0.5	5	0.1	2.5	2.5	0.9	0.99	0.5	0.1	0.9	15	-9	0.12	79.5	0.965	1	0	1	1	1	0	0	0
20191104	060300	1112	0.00	0.24	0.00	0.24	3	0.95	0.96	2358340000.00	1431340000000000.00		0	0	11	12	0	37.19	102.86	0.8	0.5	5	0.1	2.5	2.5	0.9	0.99	0.5	0.1	0.9	15	-9	0.12	79.5	0.965	1	0	1	1	1	0	0	0
20191104	060400	1112	0.00	0.25	0.00	0.25	3	0.95	0.96	2051390000.00	1594330000000000.00		0	0	11	12	0	37.19	102.86	0.8	0.5	5	0.1	2.5	2.5	0.9	0.99	0.5	0.1	0.9	15	-9	0.12	79.5	0.965	1	0	1	1	1	0	0	0
20191104	060500	1112	0.00	0.25	0.00	0.25	3	0.95	0.96	874611000.00	1561630000000000.00		0	0	11	12	0	37.19	102.86	0.8	0.5	5	0.1	2.5	2.5	0.9	0.99	0.5	0.1	0.9	15	-9	0.12	79.5	0.965	1	0	1	1	1	0	0	0
20191104	060600	1112	0.00	0.26	0.00	0.26	3	0.95	0.96	3796050000.00	1411580000000000.00		0	0	11	12	0	37.19	102.86	0.8	0.5	5	0.1	2.5	2.5	0.9	0.99	0.5	0.1	0.9	15	-9	0.12	79.5	0.965	1	0	1	1	1	0	0	0
20191104	060700	1112	0.00	0.26	0.00	0.26	3	0.95	0.96	4981280000.00	1381250000000000.00		0	0	11	12	0	37.19	102.86	0.8	0.5	5	0.1	2.5	2.5	0.9	0.99	0.5	0.1	0.9	15	-9	0.12	79.5	0.965	1	0	1	1	1	0	0	0
20191104	060800	1112	0.00	0.27	0.00	0.27	3	0.95	0.98	4802120000.00	1565330000000000.00		0	0	11	12	0	37.19	102.86	0.8	0.5	5	0.1	2.5	2.5	0.9	0.99	0.5	0.1	0.9	15	-9	0.12	79.5	0.965	1	0	1	1	1	0	0	0
20191104	060900	1112	0.00	0.27	0.00	0.27	3	0.95	0.98	2095820000.00	1259970000000000.00		0	0	11	12	0	37.19	102.86	0.8	0.5	5	0.1	2.5	2.5	0.9	0.99	0.5	0.1	0.9	15	-9	0.12	79.5	0.965	1	0	1	1	1	0	0	0
20191104	061000	1112	0.00	0.26	0.00	0.26	3	0.96	0.99	1542700000.00	1378480000000000.00		0	0	11	12	0	37.19	102.86	0.8	0.5	5	0.1	2.5	2.5	0.9	0.99	0.5	0.1	0.9	15	-9	0.12	79.5	0.965	1	0	1	1	1	0	0	0
20191104	061100	1112	0.00	0.26	0.00	0.26	3	0.96	0.98	1193550000.00	1364580000000000.00		0	0	11	12	0	37.19	102.86	0.8	0.5	5	0.1	2.5	2.5	0.9	0.99	0.5	0.1	0.9	15	-9	0.12	79.5	0.965	1	0	1	1	1	0	0	0
20191104	061200	1112	0.00	0.26	0.00	0.26	3	0.95	0.97	4757130000.00	1379270000000000.00		0	0	11	12	0	37.19	102.86	0.8	0.5	5	0.1	2.5	2.5	0.9	0.99	0.5	0.1	0.9	15	-9	0.12	79.5	0.965	1	0	1	1	1	0	0	0
20191104	061300	1112	0.00	0.25	0.00	0.25	3	0.96	0.98	2504770000.00	1421310000000000.00		0	0	11	12	0	37.19	102.86	0.8	0.5	5	0.1	2.5	2.5	0.9	0.99	0.5	0.1	0.9	15	-9	0.12	79.5	0.965	1	0	1	1	1	0	0	0
20191104	061400	1112	0.00	0.25	0.00	0.25	3	0.96	0.96	15900000000.00	1436030000000000.00		0	0	11	12	0	37.19	102.86	0.8	0.5	5	0.1	2.5	2.5	0.9	0.99	0.5	0.1	0.9	15	-9	0.12	79.5	0.965	1	0	1	1	1	0	0	0
20191104	061500	1112	0.00	0.25	0.00	0.25	3	0.95	0.97	5572260000.00	1313270000000000.00		0	0	11	12	0	37.19	102.86	0.8	0.5	5	0.1	2.5	2.5	0.9	0.99	0.5	0.1	0.9	15	-9	0.12	79.5	0.965	1	0	1	1	1	0	0	0
20191104	061600	1112	0.00	0.24	0.00	0.24	3	0.95	0.97	8620950000.00	1393740000000000.00		0	0	11	12	0	37.19	102.86	0.8	0.5	5	0.1	2.5	2.5	0.9	0.99	0.5	0.1	0.9	15	-9	0.12	79.5	0.965	1	0	1	1	1	0	0	0
20191104	061700	1112	0.00	0.26	0.00	0.26	3	0.95	0.98	3144400000.00	1364820000000000.00		0	0	11	12	0	37.19	102.86	0.8	0.5	5	0.1	2.5	2.5	0.9	0.99	0.5	0.1	0.9	15	-9	0.12	79.5	0.965	1	0	1	1	1	0	0	0
20191104	061800	1112	0.00	0.27	0.00	0.27	3	0.95	0.96	2977970000.00	1344730000000000.00		0	0	11	12	0	37.19	102.86	0.8	0.5	5	0.1	2.5	2.5	0.9	0.99	0.5	0.1	0.9	15	-9	0.12	79.5	0.965	1	0	1	1	1	0	0	0
20191104	061900	1112	0.00	0.27	0.00	0.27	3	0.95	0.96	9274670000.00	1411540000000000.00		0	0	11	12	0	37.19	102.86	0.8	0.5	5	0.1	2.5	2.5	0.9	0.99	0.5	0.1	0.9	15	-9	0.12	79.5	0.965	1	0	1	1	1	0	0	0
20191104	062000	1112	0.00	0.27	0.00	0.27	3	0.95	0.96	7434100000.00	1394130000000000.00		0	0	11	12	0	37.19	102.86	0.8	0.5	5	0.1	2.5	2.5	0.9	0.99	0.5	0.1	0.9	15	-9	0.12	79.5	0.965	1	0	1	1	1	0	0	0
20191104	062100	1112	0.00	0.27	0.00	0.27	3	0.96	0.98	6289070000.00	1377560000000000.00		0	0	11	12	0	37.19	102.86	0.8	0.5	5	0.1	2.5	2.5	0.9	0.99	0.5	0.1	0.9	15	-9	0.12	79.5	0.965	1	0	1	1	1	0	0	0
20191104	062200	1112	0.00	0.28	0.00	0.28	3	0.95	0.96	3152060000.00	1312690000000000.00		0	0	11	12	0	37.19	102.86	0.8	0.5	5	0.1	2.5	2.5	0.9	0.99	0.5	0.1	0.9	15	-9	0.12	79.5	0.965	1	0	1	1	1	0	0	0
20191104	062300	1112	0.00	0.28	0.00	0.28	3	0.96	0.98	3809630000.00	1312740000000000.00		0	0	11	12	0	37.19	102.86	0.8	0.5	5	0.1	2.5	2.5	0.9	0.99	0.5	0.1	0.9	15	-9	0.12	79.5	0.965	1	0	1	1	1	0	0	0
20191104	062400	1112	0.00	0.29	0.00	0.29	3	0.96	0.96	7524920000.00	1343260000000000.00		0	0	11	12	0	37.19	102.86	0.8	0.5	5	0.1	2.5	2.5	0.9	0.99	0.5	0.1	0.9	15	-9	0.12	79.5	0.965	1	0	1	1	1	0	0	0
20191104	062500	1112	0.00	0.30	0.00	0.30	3	0.96	0.96	15084100000.00	1279160000000000.00		0	0	11	12	0	37.19	102.86	0.8	0.5	5	0.1	2.5	2.5	0.9	0.99	0.5	0.1	0.9	15	-9	0.12	79.5	0.965	1	0	1	1	1	0	0	0
20191104	062600	1112	0.00	0.29	0.00	0.29	3	0.96	0.96	6808240000.00	1438510000000000.00		0	0	11	12	0	37.19	102.86	0.8	0.5	5	0.1	2.5	2.5	0.9	0.99	0.5	0.1	0.9	15	-9	0.12	79.5	0.965	1	0	1	1	1	0	0	0
20191104	062700	1112	0.00	0.29	0.00	0.29	3	0.96	0.98	2036510000.00	1287970000000000.00		0	0	11	12	0	37.19	102.86	0.8	0.5	5	0.1	2.5	2.5	0.9	0.99	0.5	0.1	0.9	15	-9	0.12	79.5	0.965	1	0	1	1	1	0	0	0
20191104	062800	1112	0.00	0.29	0.00	0.29	3	0.96	0.96	3749320000.00	1324280000000000.00		0	0	11	12	0	37.19	102.86	0.8	0.5	5	0.1	2.5	2.5	0.9	0.99	0.5	0.1	0.9	15	-9	0.12	79.5	0.965	1	0	1	1	1	0	0	0
20191104	062900	1112	0.00	0.29	0.00	0.29	3	0.96	0.96	10770800000.00	1362960000000000.00		0	0	11	12	0	37.19	102.86	0.8	0.5	5	0.1	2.5	2.5	0.9	0.99	0.5	0.1	0.9	15	-9	0.12	79.5	0.965	1	0	1	1	1	0	0	0
20191104	063000	1112	0.00	0.29	0.00	0.29	3	0.96	0.96	3897020000.00	1260740000000000.00		0	0	11	12	0	37.19	102.86	0.8	0.5	5	0.1	2.5	2.5	0.9	0.99	0.5	0.1	0.9	15	-9	0.12	79.5	0.965	1	0	1	1	1	0	0	0
20191104	063100	1112	-2	-2	-2	-2	9	-2.00	1.00	6767660000.00	1506660000000000.00		0	0	11	12	0	37.19	102.86	0.8	0.5	5	0.1	2.5	2.5	0.9	0.99	0.5	0.1	0.9	15	-9	0.12	79.5	0.965	1	0	1	1	1	0	0	0
20191104	063200	1112	0.00	0.29	0.00	0.29	3	0.97	0.96	16815700000.00	1533180000000000.00		0	0	11	12	0	37.19	102.86	0.8	0.5	5	0.1	2.5	2.5	0.9	0.99	0.5	0.1	0.9	15	-9	0.12	79.5	0.965	1	0	1	1	1	0	0	0
20191104	063300	1112	0.00	0.28	0.00	0.28	3	0.97	0.96	6724030000.00	1344440000000000.00		0	0	11	12	0	37.19	102.86	0.8	0.5	5	0.1	2.5	2.5	0.9	0.99	0.5	0.1	0.9	15	-9	0.12	79.5	0.965	1	0	1	1	1	0	0	0
20191104	063400	1112	0.00	0.28	0.00	0.28	3	0.98	0.96	3154780000.00	1258700000000000.00		0	0	11	12	0	37.19	102.86	0.8	0.5	5	0.1	2.5	2.5	0.9	0.99	0.5	0.1	0.9	15	-9	0.12	79.5	0.965	1	0	1	1	1	0	0	0
20191104	063500	1112	0.00	0.27	0.00	0.27	3	0.99	0.96	2309310000.00	1236080000000000.00		0	0	11	12	0	37.19	102.86	0.8	0.5	5	0.1	2.5	2.5	0.9	0.99	0.5	0.1	0.9	15	-9	0.12	79.5	0.965	1	0	1	1	1	0	0	0
20191104	063600	1112	-2	-2	-2	-2	9	-2.00	1.00	9143430000.00	1404310000000000.00		0	0	11	12	0	37.19	102.86	0.8	0.5	5	0.1	2.5	2.5	0.9	0.99	0.5	0.1	0.9	15	-9	0.12	79.5	0.965	1	0	1	1	1	0	0	0
20191104	063700	1112	0.00	0.25	0.00	0.25	3	0.98	0.98	3206320000.00	1244610000000000.00		0	0	11	12	0	37.19	102.86	0.8	0.5	5	0.1	2.5	2.5	0.9	0.99	0.5	0.1	0.9	15	-9	0.12	79.5	0.965	1	0	1	1	1	0	0	0
20191104	063800	1112	0.00	0.26	0.00	0.26	3	0.98	0.96	11471300000.00	1453440000000000.00		0	0	11	12	0	37.19	102.86	0.8	0.5	5	0.1	2.5	2.5	0.9	0.99	0.5	0.1	0.9	15	-9	0.12	79.5	0.965	1	0	1	1	1	0	0	0
20191104	063900	1112	0.00	0.26	0.00	0.26	3	0.98	0.98	410956000.00	1409540000000000.00		0	0	11	12	0	37.19	102.86	0.8	0.5	5	0.1	2.5	2.5	0.9	0.99	0.5	0.1	0.9	15	-9	0.12	79.5	0.965	1	0	1	1	1	0	0	0
20191104	064000	1112	0.00	0.27	0.00	0.27	3	0.98	0.98	3134640000.00	1510060000000000.00		0	0	11	12	0	37.19	102.86	0.8	0.5	5	0.1	2.5	2.5	0.9	0.99	0.5	0.1	0.9	15	-9	0.12	79.5	0.965	1	0	1	1	1	0	0	0
20191104	064100	1112	0.00	0.28	0.00	0.28	3	0.98	0.98	1099740000.00	1397020000000000.00		0	0	11	12	0	37.19	102.86	0.8	0.5	5	0.1	2.5	2.5	0.9	0.99	0.5	0.1	0.9	15	-9	0.12	79.5	0.965	1	0	1	1	1	0	0	0
20191104	064200	1112	0.00	0.28	0.00	0.28	3	0.98	0.96	13089500000.00	1279030000000000.00		0	0	11	12	0	37.19	102.86	0.8	0.5	5	0.1	2.5	2.5	0.9	0.99	0.5	0.1	0.9	15	-9	0.12	79.5	0.965	1	0	1	1	1	0	0	0
20191104	064300	1112	0.00	0.29	0.00	0.29	3	0.98	0.95	6686810000.00	1467510000000000.00		0	0	11	12	0	37.19	102.86	0.8	0.5	5	0.1	2.5	2.5	0.9	0.99	0.5	0.1	0.9	15	-9	0.12	79.5	0.965	1	0	1	1	1	0	0	0
20191104	064400	1112	0.00	0.30	0.00	0.30	3	0.98	0.98	6814880000.00	1397300000000000.00		0	0	11	12	0	37.19	102.86	0.8	0.5	5	0.1	2.5	2.5	0.9	0.99	0.5	0.1	0.9	15	-9	0.12	79.5	0.965	1	0	1	1	1	0	0	0
20191104	064500	1112	0.00	0.30	0.00	0.30	3	0.98	0.97	9859240000.00	1474740000000000.00		0	0	11	12	0	37.19	102.86	0.8	0.5	5	0.1	2.5	2.5	0.9	0.99	0.5	0.1	0.9	15	-9	0.12	79.5	0.965	1	0	1	1	1	0	0	0
20191104	064600	1112	0.00	0.31	0.00	0.31	3	0.98	0.96	5827230000.00	1359760000000000.00		0	0	11	12	0	37.19	102.86	0.8	0.5	5	0.1	2.5	2.5	0.9	0.99	0.5	0.1	0.9	15	-9	0.12	79.5	0.965	1	0	1	1	1	0	0	0
20191104	064700	1112	0.01	0.31	0.00	0.31	3	0.97	0.95	6781270000.00	1175510000000000.00		0	0	11	12	0	37.19	102.86	0.8	0.5	5	0.1	2.5	2.5	0.9	0.99	0.5	0.1	0.9	15	-9	0.12	79.5	0.965	1	0	1	1	1	0	0	0
20191104	064800	1112	0.01	0.30	0.00	0.30	3	0.97	0.96	6083260000.00	1230150000000000.00		0	0	11	12	0	37.19	102.86	0.8	0.5	5	0.1	2.5	2.5	0.9	0.99	0.5	0.1	0.9	15	-9	0.12	79.5	0.965	1	0	1	1	1	0	0	0
20191104	064900	1112	0.01	0.30	0.00	0.30	3	0.96	0.98	8264630000.00	1358360000000000.00		0	0	11	12	0	37.19	102.86	0.8	0.5	5	0.1	2.5	2.5	0.9	0.99	0.5	0.1	0.9	15	-9	0.12	79.5	0.965	1	0	1	1	1	0	0	0
20191104	065000	1112	0.02	0.31	0.00	0.31	3	0.96	0.96	15030400000.00	1429690000000000.00		0	0	11	12	0	37.19	102.86	0.8	0.5	5	0.1	2.5	2.5	0.9	0.99	0.5	0.1	0.9	15	-9	0.12	79.5	0.965	1	0	1	1	1	0	0	0
20191104	065100	1112	0.01	0.32	0.00	0.32	3	0.97	0.97	4515550000.00	1436800000000000.00		0	0	11	12	0	37.19	102.86	0.8	0.5	5	0.1	2.5	2.5	0.9	0.99	0.5	0.1	0.9	15	-9	0.12	79.5	0.965	1	0	1	1	1	0	0	0
20191104	065200	1112	0.01	0.32	0.00	0.32	3	0.96	0.95	8192950000.00	1452270000000000.00		0	0	11	12	0	37.19	102.86	0.8	0.5	5	0.1	2.5	2.5	0.9	0.99	0.5	0.1	0.9	15	-9	0.12	79.5	0.965	1	0	1	1	1	0	0	0
20191104	065300	1112	0.01	0.33	0.00	0.33	3	0.97	0.96	10505900000.00	1387300000000000.00		0	0	11	12	0	37.19	102.86	0.8	0.5	5	0.1	2.5	2.5	0.9	0.99	0.5	0.1	0.9	15	-9	0.12	79.5	0.965	1	0	1	1	1	0	0	0
20191104	065400	1112	0.00	0.33	0.00	0.33	3	0.97	0.96	10082000000.00	1393510000000000.00		0	0	11	12	0	37.19	102.86	0.8	0.5	5	0.1	2.5	2.5	0.9	0.99	0.5	0.1	0.9	15	-9	0.12	79.5	0.965	1	0	1	1	1	0	0	0
20191104	065500	1112	0.00	0.33	0.00	0.33	3	0.97	0.96	8483530000.00	1208580000000000.00		0	0	11	12	0	37.19	102.86	0.8	0.5	5	0.1	2.5	2.5	0.9	0.99	0.5	0.1	0.9	15	-9	0.12	79.5	0.965	1	0	1	1	1	0	0	0
20191104	065600	1112	0.01	0.34	0.00	0.34	3	0.97	0.98	7489120000.00	1343910000000000.00		0	0	11	12	0	37.19	102.86	0.8	0.5	5	0.1	2.5	2.5	0.9	0.99	0.5	0.1	0.9	15	-9	0.12	79.5	0.965	1	0	1	1	1	0	0	0
20191104	065700	1112	0.02	0.33	0.00	0.33	3	0.97	0.95	12547700000.00	1288340000000000.00		0	0	11	12	0	37.19	102.86	0.8	0.5	5	0.1	2.5	2.5	0.9	0.99	0.5	0.1	0.9	15	-9	0.12	79.5	0.965	1	0	1	1	1	0	0	0
20191104	065800	1112	0.03	0.32	0.00	0.32	3	0.97	0.95	20552500000.00	1400070000000000.00		0	0	11	12	0	37.19	102.86	0.8	0.5	5	0.1	2.5	2.5	0.9	0.99	0.5	0.1	0.9	15	-9	0.12	79.5	0.965	1	0	1	1	1	0	0	0
20191104	065900	1112	0.03	0.33	0.00	0.33	3	0.97	0.98	34535800000.00	1378810000000000.00		0	0	11	12	0	37.19	102.86	0.8	0.5	5	0.1	2.5	2.5	0.9	0.99	0.5	0.1	0.9	15	-9	0.12	79.5	0.965	1	0	1	1	1	0	0	0
20191104	070000	1112	0.03	0.34	0.00	0.34	3	0.98	0.97	9682890000.00	1219460000000000.00		0	0	11	12	0	37.19	102.86	0.8	0.5	5	0.1	2.5	2.5	0.9	0.99	0.5	0.1	0.9	15	-9	0.12	79.5	0.965	1	0	1	1	1	0	0	0
20191104	070100	1112	0.03	0.34	0.00	0.34	3	0.98	0.97	15269800000.00	1249690000000000.00		0	0	11	12	0	37.19	102.86	0.8	0.5	5	0.1	2.5	2.5	0.9	0.99	0.5	0.1	0.9	15	-9	0.12	79.5	0.965	1	0	1	1	1	0	0	0
20191104	230200	1112	-2	-2	-2	-2	9	-2.00	1.00	8356150000.00	1749660000000000.00		0	0	11	12	0	37.19	102.86	0.8	0.5	5	0.1	2.5	2.5	0.9	0.99	0.5	0.1	0.9	15	-9	0.12	79.5	0.965	1	0	1	1	1	0	0	0
20191104	230300	1112	-2	-2	-2	-2	9	-2.00	1.00	3966160000.00	1551370000000000.00		0	0	11	12	0	37.19	102.86	0.8	0.5	5	0.1	2.5	2.5	0.9	0.99	0.5	0.1	0.9	15	-9	0.12	79.5	0.965	1	0	1	1	1	0	0	0
20191104	230400	1112	-2	-2	-2	-2	9	-2.00	1.00	142279000000.00	1991080000000000.00		0	0	11	12	0	37.19	102.86	0.8	0.5	5	0.1	2.5	2.5	0.9	0.99	0.5	0.1	0.9	15	-9	0.12	79.5	0.965	1	0	1	1	1	0	0	0
20191104	230500	1112	-2	-2	-2	-2	9	-2.00	1.00	123170000000.00	1688570000000000.00		0	0	11	12	0	37.19	102.86	0.8	0.5	5	0.1	2.5	2.5	0.9	0.99	0.5	0.1	0.9	15	-9	0.12	79.5	0.965	1	0	1	1	1	0	0	0
20191104	230600	1112	-2	-2	-2	-2	9	-2.00	1.00	220355000000.00	1758230000000000.00		0	0	11	12	0	37.19	102.86	0.8	0.5	5	0.1	2.5	2.5	0.9	0.99	0.5	0.1	0.9	15	-9	0.12	79.5	0.965	1	0	1	1	1	0	0	0
20191104	230700	1112	-2	-2	-2	-2	9	-2.00	1.00	170028000000.00	1995620000000000.00		0	0	11	12	0	37.19	102.86	0.8	0.5	5	0.1	2.5	2.5	0.9	0.99	0.5	0.1	0.9	15	-9	0.12	79.5	0.965	1	0	1	1	1	0	0	0
20191104	230800	1112	-2	-2	-2	-2	9	-2.00	1.00	288998000000.00	1967170000000000.00		0	0	11	12	0	37.19	102.86	0.8	0.5	5	0.1	2.5	2.5	0.9	0.99	0.5	0.1	0.9	15	-9	0.12	79.5	0.965	1	0	1	1	1	0	0	0
20191104	230900	1112	-2	-2	-2	-2	9	-2.00	1.00	203900000000.00	1892440000000000.00		0	0	11	12	0	37.19	102.86	0.8	0.5	5	0.1	2.5	2.5	0.9	0.99	0.5	0.1	0.9	15	-9	0.12	79.5	0.965	1	0	1	1	1	0	0	0
20191104	231000	1112	-2	-2	-2	-2	9	-2.00	1.00	84851700000.00	1772950000000000.00		0	0	11	12	0	37.19	102.86	0.8	0.5	5	0.1	2.5	2.5	0.9	0.99	0.5	0.1	0.9	15	-9	0.12	79.5	0.965	1	0	1	1	1	0	0	0
20191104	231100	1112	-2	-2	-2	-2	9	-2.00	1.00	85677600000.00	1584440000000000.00		0	0	11	12	0	37.19	102.86	0.8	0.5	5	0.1	2.5	2.5	0.9	0.99	0.5	0.1	0.9	15	-9	0.12	79.5	0.965	1	0	1	1	1	0	0	0
20191104	231200	1112	-2	-2	-2	-2	9	-2.00	1.00	73406400000.00	2721690000000000.00		0	0	11	12	0	37.19	102.86	0.8	0.5	5	0.1	2.5	2.5	0.9	0.99	0.5	0.1	0.9	15	-9	0.12	79.5	0.965	1	0	1	1	1	0	0	0
20191104	231300	1112	-2	-2	-2	-2	9	-2.00	1.00	37960300000.00	2648830000000000.00		0	0	11	12	0	37.19	102.86	0.8	0.5	5	0.1	2.5	2.5	0.9	0.99	0.5	0.1	0.9	15	-9	0.12	79.5	0.965	1	0	1	1	1	0	0	0
20191104	231400	1112	-2	-2	-2	-2	9	-2.00	1.00	9807120000.00	2578220000000000.00		0	0	11	12	0	37.19	102.86	0.8	0.5	5	0.1	2.5	2.5	0.9	0.99	0.5	0.1	0.9	15	-9	0.12	79.5	0.965	1	0	1	1	1	0	0	0
20191104	231500	1112	-2	-2	-2	-2	9	-2.00	1.00	18610900000.00	2689060000000000.00		0	0	11	12	0	37.19	102.86	0.8	0.5	5	0.1	2.5	2.5	0.9	0.99	0.5	0.1	0.9	15	-9	0.12	79.5	0.965	1	0	1	1	1	0	0	0
20191104	231600	1112	-2	-2	-2	-2	9	-2.00	1.00	91172100000.00	2922970000000000.00		0	0	11	12	0	37.19	102.86	0.8	0.5	5	0.1	2.5	2.5	0.9	0.99	0.5	0.1	0.9	15	-9	0.12	79.5	0.965	1	0	1	1	1	0	0	0
20191104	231700	1112	-2	-2	-2	-2	9	-2.00	1.00	101433000000.00	2805190000000000.00		0	0	11	12	0	37.19	102.86	0.8	0.5	5	0.1	2.5	2.5	0.9	0.99	0.5	0.1	0.9	15	-9	0.12	79.5	0.965	1	0	1	1	1	0	0	0
20191104	231800	1112	-2	-2	-2	-2	9	-2.00	1.00	107061000000.00	2882780000000000.00		0	0	11	12	0	37.19	102.86	0.8	0.5	5	0.1	2.5	2.5	0.9	0.99	0.5	0.1	0.9	15	-9	0.12	79.5	0.965	1	0	1	1	1	0	0	0
20191104	231900	1112	-2	-2	-2	-2	9	-2.00	1.00	450778000000.00	2810810000000000.00		0	0	11	12	0	37.19	102.86	0.8	0.5	5	0.1	2.5	2.5	0.9	0.99	0.5	0.1	0.9	15	-9	0.12	79.5	0.965	1	0	1	1	1	0	0	0
20191104	232000	1112	-2	-2	-2	-2	9	-2.00	1.00	390617000000.00	2898960000000000.00		0	0	11	12	0	37.19	102.86	0.8	0.5	5	0.1	2.5	2.5	0.9	0.99	0.5	0.1	0.9	15	-9	0.12	79.5	0.965	1	0	1	1	1	0	0	0
20191104	232100	1112	-2	-2	-2	-2	9	-2.00	1.00	362845000000.00	2650480000000000.00		0	0	11	12	0	37.19	102.86	0.8	0.5	5	0.1	2.5	2.5	0.9	0.99	0.5	0.1	0.9	15	-9	0.12	79.5	0.965	1	0	1	1	1	0	0	0
20191104	232200	1112	-2	-2	-2	-2	9	-2.00	1.00	405453000000.00	2684920000000000.00		0	0	11	12	0	37.19	102.86	0.8	0.5	5	0.1	2.5	2.5	0.9	0.99	0.5	0.1	0.9	15	-9	0.12	79.5	0.965	1	0	1	1	1	0	0	0
20191104	232300	1112	-2	-2	-2	-2	9	-2.00	1.00	336317000000.00	2755090000000000.00		0	0	11	12	0	37.19	102.86	0.8	0.5	5	0.1	2.5	2.5	0.9	0.99	0.5	0.1	0.9	15	-9	0.12	79.5	0.965	1	0	1	1	1	0	0	0
20191104	232400	1112	-2	-2	-2	-2	9	-2.00	1.00	423804000000.00	2886710000000000.00		0	0	11	12	0	37.19	102.86	0.8	0.5	5	0.1	2.5	2.5	0.9	0.99	0.5	0.1	0.9	15	-9	0.12	79.5	0.965	1	0	1	1	1	0	0	0
20191104	232500	1112	-2	-2	-2	-2	9	-2.00	1.00	358717000000.00	2888040000000000.00		0	0	11	12	0	37.19	102.86	0.8	0.5	5	0.1	2.5	2.5	0.9	0.99	0.5	0.1	0.9	15	-9	0.12	79.5	0.965	1	0	1	1	1	0	0	0
20191104	232600	1112	-2	-2	-2	-2	9	-2.00	1.00	312363000000.00	2840070000000000.00		0	0	11	12	0	37.19	102.86	0.8	0.5	5	0.1	2.5	2.5	0.9	0.99	0.5	0.1	0.9	15	-9	0.12	79.5	0.965	1	0	1	1	1	0	0	0
20191104	232700	1112	-2	-2	-2	-2	9	-2.00	1.00	285647000000.00	2690660000000000.00		0	0	11	12	0	37.19	102.86	0.8	0.5	5	0.1	2.5	2.5	0.9	0.99	0.5	0.1	0.9	15	-9	0.12	79.5	0.965	1	0	1	1	1	0	0	0
20191104	232800	1112	-2	-2	-2	-2	9	-2.00	1.00	290190000000.00	2116820000000000.00		0	0	11	12	0	37.19	102.86	0.8	0.5	5	0.1	2.5	2.5	0.9	0.99	0.5	0.1	0.9	15	-9	0.12	79.5	0.965	1	0	1	1	1	0	0	0
20191104	232900	1112	-2	-2	-2	-2	9	-2.00	1.00	264600000000.00	2116820000000000.00		0	0	11	12	0	37.19	102.86	0.8	0.5	5	0.1	2.5	2.5	0.9	0.99	0.5	0.1	0.9	15	-9	0.12	79.5	0.965	1	0	1	1	1	0	0	0
20191104	233000	1112	-2	-2	-2	-2	9	-2.00	1.00	252548000000.00	2047760000000000.00		0	0	11	12	0	37.19	102.86	0.8	0.5	5	0.1	2.5	2.5	0.9	0.99	0.5	0.1	0.9	15	-9	0.12	79.5	0.965	1	0	1	1	1	0	0	0
20191104	233100	1112	-2	-2	-2	-2	9	-2.00	1.00	253486000000.00	2007450000000000.00		0	0	11	12	0	37.19	102.86	0.8	0.5	5	0.1	2.5	2.5	0.9	0.99	0.5	0.1	0.9	15	-9	0.12	79.5	0.965	1	0	1	1	1	0	0	0
20191104	233200	1112	-2	-2	-2	-2	9	-2.00	1.00	237896000000.00	1986570000000000.00		0	0	11	12	0	37.19	102.86	0.8	0.5	5	0.1	2.5	2.5	0.9	0.99	0.5	0.1	0.9	15	-9	0.12	79.5	0.965	1	0	1	1	1	0	0	0
20191104	233300	1112	-2	-2	-2	-2	9	-2.00	1.00	247677000000.00	2040410000000000.00		0	0	11	12	0	37.19	102.86	0.8	0.5	5	0.1	2.5	2.5	0.9	0.99	0.5	0.1	0.9	15	-9	0.12	79.5	0.965	1	0	1	1	1	0	0	0
20191104	233400	1112	-2	-2	-2	-2	9	-2.00	1.00	248081000000.00	1986450000000000.00		0	0	11	12	0	37.19	102.86	0.8	0.5	5	0.1	2.5	2.5	0.9	0.99	0.5	0.1	0.9	15	-9	0.12	79.5	0.965	1	0	1	1	1	0	0	0
20191104	233500	1112	-2	-2	-2	-2	9	-2.00	1.00	235303000000.00	1942300000000000.00		0	0	11	12	0	37.19	102.86	0.8	0.5	5	0.1	2.5	2.5	0.9	0.99	0.5	0.1	0.9	15	-9	0.12	79.5	0.965	1	0	1	1	1	0	0	0
20191104	233600	1112	-2	-2	-2	-2	9	-2.00	1.00	232022000000.00	1881700000000000.00		0	0	11	12	0	37.19	102.86	0.8	0.5	5	0.1	2.5	2.5	0.9	0.99	0.5	0.1	0.9	15	-9	0.12	79.5	0.965	1	0	1	1	1	0	0	0
20191104	233700	1112	-2	-2	-2	-2	9	-2.00	1.00	226706000000.00	1936720000000000.00		0	0	11	12	0	37.19	102.86	0.8	0.5	5	0.1	2.5	2.5	0.9	0.99	0.5	0.1	0.9	15	-9	0.12	79.5	0.965	1	0	1	1	1	0	0	0
20191104	233800	1112	-2	-2	-2	-2	9	-2.00	1.00	224532000000.00	1895350000000000.00		0	0	11	12	0	37.19	102.86	0.8	0.5	5	0.1	2.5	2.5	0.9	0.99	0.5	0.1	0.9	15	-9	0.12	79.5	0.965	1	0	1	1	1	0	0	0
20191104	233900	1112	-2	-2	-2	-2	9	-2.00	1.00	216795000000.00	1812670000000000.00		0	0	11	12	0	37.19	102.86	0.8	0.5	5	0.1	2.5	2.5	0.9	0.99	0.5	0.1	0.9	15	-9	0.12	79.5	0.965	1	0	1	1	1	0	0	0
20191104	234000	1112	-2	-2	-2	-2	9	-2.00	1.00	209559000000.00	1880480000000000.00		0	0	11	12	0	37.19	102.86	0.8	0.5	5	0.1	2.5	2.5	0.9	0.99	0.5	0.1	0.9	15	-9	0.12	79.5	0.965	1	0	1	1	1	0	0	0
20191104	234100	1112	-2	-2	-2	-2	9	-2.00	1.00	195486000000.00	1880480000000000.00		0	0	11	12	0	37.19	102.86	0.8	0.5	5	0.1	2.5	2.5	0.9	0.99	0.5	0.1	0.9	15	-9	0.12	79.5	0.965	1	0	1	1	1	0	0	0
20191104	234200	1112	-2	-2	-2	-2	9	-2.00	1.00	194742000000.00	1852560000000000.00		0	0	11	12	0	37.19	102.86	0.8	0.5	5	0.1	2.5	2.5	0.9	0.99	0.5	0.1	0.9	15	-9	0.12	79.5	0.965	1	0	1	1	1	0	0	0
20191104	234300	1112	-2	-2	-2	-2	9	-2.00	1.00	209819000000.00	1835210000000000.00		0	0	11	12	0	37.19	102.86	0.8	0.5	5	0.1	2.5	2.5	0.9	0.99	0.5	0.1	0.9	15	-9	0.12	79.5	0.965	1	0	1	1	1	0	0	0
20191104	234400	1112	-2	-2	-2	-2	9	-2.00	1.00	196014000000.00	1823250000000000.00		0	0	11	12	0	37.19	102.86	0.8	0.5	5	0.1	2.5	2.5	0.9	0.99	0.5	0.1	0.9	15	-9	0.12	79.5	0.965	1	0	1	1	1	0	0	0
20191104	234500	1112	-2	-2	-2	-2	9	-2.00	1.00	192001000000.00	1835210000000000.00		0	0	11	12	0	37.19	102.86	0.8	0.5	5	0.1	2.5	2.5	0.9	0.99	0.5	0.1	0.9	15	-9	0.12	79.5	0.965	1	0	1	1	1	0	0	0
20191104	234600	1112	-2	-2	-2	-2	9	-2.00	1.00	187966000000.00	1774820000000000.00		0	0	11	12	0	37.19	102.86	0.8	0.5	5	0.1	2.5	2.5	0.9	0.99	0.5	0.1	0.9	15	-9	0.12	79.5	0.965	1	0	1	1	1	0	0	0
20191104	234700	1112	-2	-2	-2	-2	9	-2.00	1.00	185036000000.00	1777030000000000.00		0	0	11	12	0	37.19	102.86	0.8	0.5	5	0.1	2.5	2.5	0.9	0.99	0.5	0.1	0.9	15	-9	0.12	79.5	0.965	1	0	1	1	1	0	0	0
20191104	234800	1112	-2	-2	-2	-2	9	-2.00	1.00	161338000000.00	1708320000000000.00		0	0	11	12	0	37.19	102.86	0.8	0.5	5	0.1	2.5	2.5	0.9	0.99	0.5	0.1	0.9	15	-9	0.12	79.5	0.965	1	0	1	1	1	0	0	0
20191104	234900	1112	-2	-2	-2	-2	9	-2.00	1.00	164314000000.00	1711370000000000.00		0	0	11	12	0	37.19	102.86	0.8	0.5	5	0.1	2.5	2.5	0.9	0.99	0.5	0.1	0.9	15	-9	0.12	79.5	0.965	1	0	1	1	1	0	0	0
20191104	235000	1112	-2	-2	-2	-2	9	-2.00	1.00	173855000000.00	1669240000000000.00		0	0	11	12	0	37.19	102.86	0.8	0.5	5	0.1	2.5	2.5	0.9	0.99	0.5	0.1	0.9	15	-9	0.12	79.5	0.965	1	0	1	1	1	0	0	0
20191104	235100	1112	-2	-2	-2	-2	9	-2.00	1.00	151060000000.00	1661520000000000.00		0	0	11	12	0	37.19	102.86	0.8	0.5	5	0.1	2.5	2.5	0.9	0.99	0.5	0.1	0.9	15	-9	0.12	79.5	0.965	1	0	1	1	1	0	0	0
20191104	235200	1112	-2	-2	-2	-2	9	-2.00	1.00	153995000000.00	1630960000000000.00		0	0	11	12	0	37.19	102.86	0.8	0.5	5	0.1	2.5	2.5	0.9	0.99	0.5	0.1	0.9	15	-9	0.12	79.5	0.965	1	0	1	1	1	0	0	0
20191104	235300	1112	-2	-2	-2	-2	9	-2.00	1.00	134621000000.00	1645420000000000.00		0	0	11	12	0	37.19	102.86	0.8	0.5	5	0.1	2.5	2.5	0.9	0.99	0.5	0.1	0.9	15	-9	0.12	79.5	0.965	1	0	1	1	1	0	0	0
20191104	235400	1112	-2	-2	-2	-2	9	-2.00	1.00	132228000000.00	1778850000000000.00		0	0	11	12	0	37.19	102.86	0.8	0.5	5	0.1	2.5	2.5	0.9	0.99	0.5	0.1	0.9	15	-9	0.12	79.5	0.965	1	0	1	1	1	0	0	0
20191104	235500	1112	-2	-2	-2	-2	9	-2.00	1.00	121712000000.00	1644180000000000.00		0	0	11	12	0	37.19	102.86	0.8	0.5	5	0.1	2.5	2.5	0.9	0.99	0.5	0.1	0.9	15	-9	0.12	79.5	0.965	1	0	1	1	1	0	0	0
20191104	235600	1112	-2	-2	-2	-2	9	-2.00	1.00	112731000000.00	1569320000000000.00		0	0	11	12	0	37.19	102.86	0.8	0.5	5	0.1	2.5	2.5	0.9	0.99	0.5	0.1	0.9	15	-9	0.12	79.5	0.965	1	0	1	1	1	0	0	0
20191104	235700	1112	-2	-2	-2	-2	9	-2.00	1.00	104102000000.00	1542790000000000.00		0	0	11	12	0	37.19	102.86	0.8	0.5	5	0.1	2.5	2.5	0.9	0.99	0.5	0.1	0.9	15	-9	0.12	79.5	0.965	1	0	1	1	1	0	0	0
20191104	235800	1112	-2	-2	-2	-2	9	-2.00	1.00	81721300000.00	1557230000000000.00		0	0	11	12	0	37.19	102.86	0.8	0.5	5	0.1	2.5	2.5	0.9	0.99	0.5	0.1	0.9	15	-9	0.12	79.5	0.965	1	0	1	1	1	0	0	0
20191104	235900	1112	-2	-2	-2	-2	9	-2.00	1.00	96087800000.00	1600990000000000.00		0	0	11	12	0	37.19	102.86	0.8	0.5	5	0.1	2.5	2.5	0.9	0.99	0.5	0.1	0.9	15	-9	0.12	79.5	0.965	1	0	1	1	1	0	0	0
20191104	040500	1112	0.00	0.12	0.00	0.12	3	0.91	0.96	2.10	133.25		0	0	11	12	0	37.19	102.86	0.8	0.5	5	0.1	2.5	2.5	0.9	0.99	0.5	0.1	0.9	15	-9	0.12	79.5	0.965	1	0	1	1	1	0	0	0
