%[yyyymmdd]	[HHMMSS]	 Relative Cloudiness
%date	time	Ext	BRBG	CDOC	thick	thin	sun	hcf	BRmin	BRmid	Brmax
20190825	203000	1112	0.60	0.77	0.77	0.00	8	1.04	0.07	1.05	12.00
20190825	203100	1112	0.64	0.79	0.79	0.00	8	1.04	0.00	1.03	10.00
20190825	203200	1112	0.68	0.82	0.82	0.00	8	1.05	0.00	1.00	7.00
20190825	203300	1112	0.71	0.84	0.84	0.00	8	1.05	0.00	969587000.00	714857000000000.00
20190825	203400	1112	0.73	0.95	0.86	0.09	8	1.27	0.00	407227000.00	1501200000000000.00
20190825	203500	1112	0.74	0.87	0.87	0.00	8	1.03	0.00	1353250000.00	900720000000000.00
20190825	203600	1112	0.75	0.87	0.87	0.00	8	1.05	0.12	0.98	14.00
20190825	203700	1112	0.75	0.87	0.87	0.00	8	1.04	0.00	0.98	13.50
20190825	203800	1112	0.75	0.88	0.88	0.00	8	1.06	0.08	0.96	7.00
20190825	203900	1112	0.74	0.87	0.87	0.00	8	1.06	0.00	148082000.00	272945000000000.00
20190825	204000	1112	0.75	0.95	0.87	0.08	8	1.26	0.00	0.97	7.33
20190825	204100	1112	0.75	0.87	0.87	0.00	8	1.05	0.00	571431000.00	508471000000000.00
20190825	204200	1112	0.76	0.88	0.88	0.00	8	1.02	0.05	0.96	12.00
20190825	204300	1112	0.79	0.97	0.90	0.07	8	1.26	0.06	0.95	10.00
20190825	204400	1112	0.78	0.87	0.87	0.00	8	1.02	0.00	2952390000.00	975780000000000.00
20190825	204500	1112	0.79	0.89	0.89	0.00	8	1.03	0.00	1662290000.00	516807000000000.00
20190825	204600	1112	0.80	0.88	0.88	0.00	8	1.04	0.00	4086310000.00	1475320000000000.00
20190825	204700	1112	0.80	0.96	0.89	0.07	8	1.26	0.00	698103000.00	428914000000000.00
20190825	204800	1112	0.79	0.88	0.88	0.00	8	1.03	0.00	130894000.00	160843000000000.00
20190825	204900	1112	0.80	0.97	0.88	0.09	8	1.23	0.00	2363250000.00	1845740000000000.00
20190825	205000	1112	0.80	0.98	0.90	0.08	8	1.25	0.00	540743000.00	812125000000000.00
20190825	205100	1112	0.80	0.88	0.88	0.00	8	1.03	0.00	660909000.00	738295000000000.00
20190825	205200	1112	0.81	0.88	0.88	0.00	8	1.06	0.00	128598000.00	237032000000000.00
20190825	205300	1112	0.81	0.97	0.90	0.07	8	1.26	0.00	1441980000.00	885954000000000.00
20190825	205400	1112	0.81	0.89	0.89	0.00	8	1.02	0.00	3349090000.00	1164720000000000.00
20190825	205500	1112	0.80	0.97	0.88	0.09	8	1.25	0.00	2966940000.00	742352000000000.00
20190825	205600	1112	0.80	0.88	0.88	0.00	8	1.02	0.00	1714000000.00	537743000000000.00
20190825	205700	1112	0.79	0.89	0.89	0.00	8	1.03	0.00	1532280000.00	1144980000000000.00
20190825	205800	1112	0.80	0.96	0.89	0.07	8	1.25	0.00	3243770000.00	854131000000000.00
20190825	205900	1112	0.79	0.95	0.87	0.08	8	1.25	0.00	2223060000.00	812125000000000.00
20190825	203000	1112	0.68	0.96	0.79	0.17	8	1.23	0.09	1.01	56.39		0	0	11	12	0	37.19	102.86	0.8	0.5	5	0.1	2.5	2.5	0.9	0.99	0.5	0.1	0.9	15	-9	0.12	79.5	0.965	1	0	1	1	1	0	0	0
20190825	203100	1112	0.68	0.81	0.81	0.00	8	1.04	0.09	1.00	7.61		0	0	11	12	0	37.19	102.86	0.8	0.5	5	0.1	2.5	2.5	0.9	0.99	0.5	0.1	0.9	15	-9	0.12	79.5	0.965	1	0	1	1	1	0	0	0
20190825	203200	1112	0.72	0.84	0.84	0.00	8	1.03	0.01	0.98	5.51		0	0	11	12	0	37.19	102.86	0.8	0.5	5	0.1	2.5	2.5	0.9	0.99	0.5	0.1	0.9	15	-9	0.12	79.5	0.965	1	0	1	1	1	0	0	0
20190825	203300	1112	0.74	0.84	0.84	0.00	8	1.03	0.13	0.98	4.84		0	0	11	12	0	37.19	102.86	0.8	0.5	5	0.1	2.5	2.5	0.9	0.99	0.5	0.1	0.9	15	-9	0.12	79.5	0.965	1	0	1	1	1	0	0	0
