%[yyyymmdd]	[HHMMSS]	 Relative Cloudiness
%date	time	Ext	BRBG	CDOC	thick	thin	sun	hcf	BRmin	BRmid	Brmax
20190827	070000	1112	-2	-2	-2	-2	9	-2.00	1.00	154411000000.00	1801440000000000.00
20190827	070100	1112	-2	-2	-2	-2	9	-2.00	1.00	153203000000.00	1925070000000000.00
20190827	070200	1112	-2	-2	-2	-2	9	-2.00	1.00	137355000000.00	2048700000000000.00
20190827	070300	1112	-2	-2	-2	-2	9	-2.00	1.00	117631000000.00	1889750000000000.00
20190827	070400	1112	-2	-2	-2	-2	9	-2.00	1.00	154243000000.00	1925070000000000.00
20190827	070500	1112	-2	-2	-2	-2	9	-2.00	1.00	147497000000.00	1801440000000000.00
20190827	070600	1112	-2	-2	-2	-2	9	-2.00	1.00	150865000000.00	1801440000000000.00
20190827	070700	1112	-2	-2	-2	-2	9	-2.00	1.00	116817000000.00	1925070000000000.00
20190827	070800	1112	-2	-2	-2	-2	9	-2.00	1.00	153591000000.00	1866030000000000.00
20190827	070900	1112	-2	-2	-2	-2	9	-2.00	1.00	144706000000.00	1822890000000000.00
20190827	071000	1112	-2	-2	-2	-2	9	-2.00	1.00	156425000000.00	1911730000000000.00
20190827	071100	1112	-2	-2	-2	-2	9	-2.00	1.00	166565000000.00	1801440000000000.00
20190827	071200	1112	-2	-2	-2	-2	9	-2.00	1.00	181774000000.00	1852290000000000.00
20190827	071300	1112	-2	-2	-2	-2	9	-2.00	1.00	157984000000.00	1890400000000000.00
20190827	071400	1112	-2	-2	-2	-2	9	-2.00	1.00	137546000000.00	1726380000000000.00
20190827	071500	1112	-2	-2	-2	-2	9	-2.00	1.00	133219000000.00	1906090000000000.00
20190827	071600	1112	-2	-2	-2	-2	9	-2.00	1.00	131084000000.00	1707010000000000.00
20190827	071700	1112	-2	-2	-2	-2	9	-2.00	1.00	155664000000.00	1956480000000000.00
20190827	071800	1112	-2	-2	-2	-2	9	-2.00	1.00	132299000000.00	1805320000000000.00
20190827	071900	1112	-2	-2	-2	-2	9	-2.00	1.00	125321000000.00	1670690000000000.00
20190827	072000	1112	-2	-2	-2	-2	9	-2.00	1.00	142668000000.00	1854420000000000.00
20190827	072100	1112	-2	-2	-2	-2	9	-2.00	1.00	152181000000.00	2024730000000000.00
20190827	072200	1112	-2	-2	-2	-2	9	-2.00	1.00	122505000000.00	1922040000000000.00
20190827	072300	1112	-2	-2	-2	-2	9	-2.00	1.00	126033000000.00	1930110000000000.00
20190827	072400	1112	-2	-2	-2	-2	9	-2.00	1.00	100468000000.00	1755640000000000.00
20190827	072500	1112	-2	-2	-2	-2	9	-2.00	1.00	95708800000.00	1423220000000000.00
20190827	072600	1112	-2	-2	-2	-2	9	-2.00	1.00	94811400000.00	1507400000000000.00
20190827	072700	1112	-2	-2	-2	-2	9	-2.00	1.00	133488000000.00	1532350000000000.00
20190827	072800	1112	-2	-2	-2	-2	9	-2.00	1.00	92435400000.00	1519730000000000.00
20190827	072900	1112	-2	-2	-2	-2	9	-2.00	1.00	87678600000.00	1305670000000000.00
20190827	073000	1112	-2	-2	-2	-2	9	-2.00	1.00	85533400000.00	1727670000000000.00
20190827	073100	1112	-2	-2	-2	-2	9	-2.00	1.00	86964000000.00	1441150000000000.00
20190827	073200	1112	-2	-2	-2	-2	9	-2.00	1.00	85010700000.00	1158600000000000.00
20190827	073300	1112	-2	-2	-2	-2	9	-2.00	1.00	86929100000.00	1040670000000000.00
20190827	073400	1112	-1	-1	-1	-1	9	-1.00	0.00	0.00	0.00
20190827	073500	1112	-2	-2	-2	-2	9	-2.00	1.00	77095500000.00	1066160000000000.00
20190827	073600	1112	-2	-2	-2	-2	9	-2.00	1.00	77179600000.00	1257250000000000.00
20190827	073700	1112	-2	-2	-2	-2	9	-2.00	1.00	87726000000.00	1174020000000000.00
20190827	073800	1112	-2	-2	-2	-2	9	-2.00	1.00	93001000000.00	1224830000000000.00
20190827	073900	1112	-2	-2	-2	-2	9	-2.00	1.00	86567500000.00	1229900000000000.00
20190827	074000	1112	-2	-2	-2	-2	9	-2.00	1.00	87540000000.00	1286740000000000.00
20190827	074100	1112	-2	-2	-2	-2	9	-2.00	1.00	79490600000.00	1130320000000000.00
20190827	074200	1112	-2	-2	-2	-2	9	-2.00	1.00	74280200000.00	1083140000000000.00
20190827	074300	1112	-2	-2	-2	-2	9	-2.00	1.00	75461800000.00	1040750000000000.00
20190827	074400	1112	-2	-2	-2	-2	9	-2.00	1.00	75938100000.00	1121070000000000.00
20190827	074500	1112	-2	-2	-2	-2	9	-2.00	1.00	77994300000.00	1097030000000000.00
20190827	074600	1112	-2	-2	-2	-2	9	-2.00	1.00	68013600000.00	953044000000000.00
20190827	074700	1112	-2	-2	-2	-2	9	-2.00	1.00	70316200000.00	988132000000000.00
20190827	074800	1112	-2	-2	-2	-2	9	-2.00	1.00	76530300000.00	1018210000000000.00
20190827	074900	1112	-2	-2	-2	-2	9	-2.00	1.00	75083200000.00	978241000000000.00
20190827	075000	1112	-2	-2	-2	-2	9	-2.00	1.00	75872200000.00	1042320000000000.00
20190827	075100	1112	-2	-2	-2	-2	9	-2.00	1.00	67660700000.00	938250000000000.00
20190827	075200	1112	-2	-2	-2	-2	9	-2.00	1.00	66763800000.00	1016940000000000.00
20190827	075300	1112	-2	-2	-2	-2	9	-2.00	1.00	64972000000.00	1018670000000000.00
20190827	075400	1112	-2	-2	-2	-2	9	-2.00	1.00	60825300000.00	1024350000000000.00
20190827	075500	1112	-2	-2	-2	-2	9	-2.00	1.00	68587100000.00	1024420000000000.00
20190827	075600	1112	-2	-2	-2	-2	9	-2.00	1.00	58504300000.00	949106000000000.00
20190827	075700	1112	-2	-2	-2	-2	9	-2.00	1.00	79157300000.00	1145650000000000.00
20190827	075800	1112	-2	-2	-2	-2	9	-2.00	1.00	70804100000.00	1215260000000000.00
20190827	075900	1112	-2	-2	-2	-2	9	-2.00	1.00	69896500000.00	1192650000000000.00
20190827	080000	1112	-2	-2	-2	-2	9	-2.00	1.00	70470100000.00	1061820000000000.00
20190827	080100	1112	-2	-2	-2	-2	9	-2.00	1.00	93013000000.00	1337310000000000.00
20190827	080200	1112	-2	-2	-2	-2	9	-2.00	1.00	91424800000.00	1302250000000000.00
20190827	080300	1112	-2	-2	-2	-2	9	-2.00	1.00	88983800000.00	1251000000000000.00
20190827	080400	1112	-2	-2	-2	-2	9	-2.00	1.00	93809300000.00	1356510000000000.00
20190827	080500	1112	-2	-2	-2	-2	9	-2.00	1.00	92641600000.00	1271600000000000.00
20190827	080600	1112	-2	-2	-2	-2	9	-2.00	1.00	119384000000.00	1359910000000000.00
20190827	080700	1112	-2	-2	-2	-2	9	-2.00	1.00	114364000000.00	1430560000000000.00
20190827	080800	1112	-2	-2	-2	-2	9	-2.00	1.00	143795000000.00	1824730000000000.00
20190827	080900	1112	-2	-2	-2	-2	9	-2.00	1.00	150992000000.00	1828970000000000.00
20190827	081000	1112	-2	-2	-2	-2	9	-2.00	1.00	149859000000.00	1729230000000000.00
20190827	081100	1112	-2	-2	-2	-2	9	-2.00	1.00	104101000000.00	1412890000000000.00
20190827	081200	1112	-2	-2	-2	-2	9	-2.00	1.00	105457000000.00	1342250000000000.00
20190827	081300	1112	-2	-2	-2	-2	9	-2.00	1.00	95837200000.00	1395230000000000.00
20190827	081400	1112	-2	-2	-2	-2	9	-2.00	1.00	103556000000.00	1403960000000000.00
20190827	081500	1112	-2	-2	-2	-2	9	-2.00	1.00	92042800000.00	1395230000000000.00
20190827	081600	1112	-2	-2	-2	-2	9	-2.00	1.00	143394000000.00	1809670000000000.00
20190827	081700	1112	-2	-2	-2	-2	9	-2.00	1.00	106635000000.00	1626300000000000.00
20190827	081800	1112	-2	-2	-2	-2	9	-2.00	1.00	99393100000.00	1665970000000000.00
20190827	081900	1112	-2	-2	-2	-2	9	-2.00	1.00	64250800000.00	1183300000000000.00
20190827	082000	1112	-2	-2	-2	-2	9	-2.00	1.00	74605200000.00	1471300000000000.00
20190827	082100	1112	-2	-2	-2	-2	9	-2.00	1.00	86613400000.00	1391670000000000.00
20190827	082200	1112	-2	-2	-2	-2	9	-2.00	1.00	66320500000.00	1198540000000000.00
20190827	082300	1112	-2	-2	-2	-2	9	-2.00	1.00	59081400000.00	1289270000000000.00
20190827	082400	1112	-2	-2	-2	-2	9	-2.00	1.00	62253000000.00	1289270000000000.00
20190827	082500	1112	-2	-2	-2	-2	9	-2.00	1.00	58693300000.00	1183300000000000.00
20190827	082600	1112	-2	-2	-2	-2	9	-2.00	1.00	44495600000.00	831990000000000.00
20190827	082700	1112	-2	-2	-2	-2	9	-2.00	1.00	42680300000.00	868164000000000.00
20190827	082800	1112	-2	-2	-2	-2	9	-2.00	1.00	72464400000.00	1195980000000000.00
20190827	082900	1112	-2	-2	-2	-2	9	-2.00	1.00	66026500000.00	1195980000000000.00
20190827	083000	1112	-2	-2	-2	-2	9	-2.00	1.00	69157000000.00	1139690000000000.00
20190827	083100	1112	-2	-2	-2	-2	9	-2.00	1.00	66488100000.00	1024350000000000.00
20190827	083200	1112	-2	-2	-2	-2	9	-2.00	1.00	59867300000.00	1079380000000000.00
20190827	083300	1112	-2	-2	-2	-2	9	-2.00	1.00	67764400000.00	965057000000000.00
20190827	083400	1112	-1	-1	-1	-1	9	-1.00	0.00	0.00	0.00
20190827	070000	1112	-2	-2	-2	-2	9	-2.00	1.00	154411000000.00	1801440000000000.00
20190827	070000	1112	-2	-2	-2	-2	9	-2.00	1.00	154411000000.00	1801440000000000.00		0	0	11	12	0	37.19	102.86	0.8	0.5	5	0.1	2.5	2.5	0.9	0.99	0.5	0.1	0.9	15	0	0.12	60	1	1	0	1	1	1	0	0	0
20190827	070000	1112	-2	-2	-2	-2	9	-2.00	1.00	154411000000.00	1801440000000000.00		0	0	11	12	0	37.19	102.86	0.8	0.5	5	0.1	2.5	2.5	0.9	0.99	0.5	0.1	0.9	15	0	0.12	60	1	1	0	1	1	1	0	0	0
20190827	070100	1112	-2	-2	-2	-2	9	-2.00	1.00	153203000000.00	1925070000000000.00		0	0	11	12	0	37.19	102.86	0.8	0.5	5	0.1	2.5	2.5	0.9	0.99	0.5	0.1	0.9	15	0	0.12	60	1	1	0	1	1	1	0	0	0
20190827	150000	1112	0.27	0.37	0.03	0.34	8	1.02	0.97	54692900000.00	847736000000000.00		0	0	11	12	0	37.19	102.86	0.8	0.5	5	0.1	2.5	2.5	0.9	0.99	0.5	0.1	0.9	15	0	0.12	60	1	1	0	1	1	1	0	0	0
20190827	160000	1112	0.07	0.29	0.00	0.29	8	1.02	0.95	29824700000.00	805690000000000.00		0	0	11	12	0	37.19	102.86	0.8	0.5	5	0.1	2.5	2.5	0.9	0.99	0.5	0.1	0.9	15	0	0.12	60	1	1	0	1	1	1	0	0	0
20190827	083500	1112	-2	-2	-2	-2	9	-2.00	1.00	61309200000.00	1024350000000000.00		0	0	11	12	0	37.19	102.86	0.8	0.5	5	0.1	2.5	2.5	0.9	0.99	0.5	0.1	0.9	15	0	0.12	60	1	1	0	1	1	1	0	0	0
20190827	083600	1112	-2	-2	-2	-2	9	-2.00	1.00	45369800000.00	830075000000000.00		0	0	11	12	0	37.19	102.86	0.8	0.5	5	0.1	2.5	2.5	0.9	0.99	0.5	0.1	0.9	15	0	0.12	60	1	1	0	1	1	1	0	0	0
20190827	083700	1112	-2	-2	-2	-2	9	-2.00	1.00	24553400000.00	618141000000000.00		0	0	11	12	0	37.19	102.86	0.8	0.5	5	0.1	2.5	2.5	0.9	0.99	0.5	0.1	0.9	15	0	0.12	60	1	1	0	1	1	1	0	0	0
20190827	083800	1112	-2	-2	-2	-2	9	-2.00	1.00	45048800000.00	847736000000000.00		0	0	11	12	0	37.19	102.86	0.8	0.5	5	0.1	2.5	2.5	0.9	0.99	0.5	0.1	0.9	15	0	0.12	60	1	1	0	1	1	1	0	0	0
20190827	083900	1112	-2	-2	-2	-2	9	-2.00	1.00	52623200000.00	847736000000000.00		0	0	11	12	0	37.19	102.86	0.8	0.5	5	0.1	2.5	2.5	0.9	0.99	0.5	0.1	0.9	15	0	0.12	60	1	1	0	1	1	1	0	0	0
20190827	084000	1112	-2	-2	-2	-2	9	-2.00	1.00	55526500000.00	777092000000000.00		0	0	11	12	0	37.19	102.86	0.8	0.5	5	0.1	2.5	2.5	0.9	0.99	0.5	0.1	0.9	15	0	0.12	60	1	1	0	1	1	1	0	0	0
20190827	084100	1112	-2	-2	-2	-2	9	-2.00	1.00	60891300000.00	822234000000000.00		0	0	11	12	0	37.19	102.86	0.8	0.5	5	0.1	2.5	2.5	0.9	0.99	0.5	0.1	0.9	15	0	0.12	60	1	1	0	1	1	1	0	0	0
20190827	084200	1112	-2	-2	-2	-2	9	-2.00	1.00	60231200000.00	777092000000000.00		0	0	11	12	0	37.19	102.86	0.8	0.5	5	0.1	2.5	2.5	0.9	0.99	0.5	0.1	0.9	15	0	0.12	60	1	1	0	1	1	1	0	0	0
20190827	084300	1112	-2	-2	-2	-2	9	-2.00	1.00	56047100000.00	793667000000000.00		0	0	11	12	0	37.19	102.86	0.8	0.5	5	0.1	2.5	2.5	0.9	0.99	0.5	0.1	0.9	15	0	0.12	60	1	1	0	1	1	1	0	0	0
20190827	084400	1112	-2	-2	-2	-2	9	-2.00	1.00	52786100000.00	777092000000000.00		0	0	11	12	0	37.19	102.86	0.8	0.5	5	0.1	2.5	2.5	0.9	0.99	0.5	0.1	0.9	15	0	0.12	60	1	1	0	1	1	1	0	0	0
20190827	084500	1112	-2	-2	-2	-2	9	-2.00	1.00	54256900000.00	777092000000000.00		0	0	11	12	0	37.19	102.86	0.8	0.5	5	0.1	2.5	2.5	0.9	0.99	0.5	0.1	0.9	15	0	0.12	60	1	1	0	1	1	1	0	0	0
20190827	084600	1112	-2	-2	-2	-2	9	-2.00	1.00	52781300000.00	777092000000000.00		0	0	11	12	0	37.19	102.86	0.8	0.5	5	0.1	2.5	2.5	0.9	0.99	0.5	0.1	0.9	15	0	0.12	60	1	1	0	1	1	1	0	0	0
20190827	084700	1112	-2	-2	-2	-2	9	-2.00	1.00	53222100000.00	794753000000000.00		0	0	11	12	0	37.19	102.86	0.8	0.5	5	0.1	2.5	2.5	0.9	0.99	0.5	0.1	0.9	15	0	0.12	60	1	1	0	1	1	1	0	0	0
20190827	084800	1112	-2	-2	-2	-2	9	-2.00	1.00	50821900000.00	830075000000000.00		0	0	11	12	0	37.19	102.86	0.8	0.5	5	0.1	2.5	2.5	0.9	0.99	0.5	0.1	0.9	15	0	0.12	60	1	1	0	1	1	1	0	0	0
20190827	084900	1112	-2	-2	-2	-2	9	-2.00	1.00	56142000000.00	889600000000000.00		0	0	11	12	0	37.19	102.86	0.8	0.5	5	0.1	2.5	2.5	0.9	0.99	0.5	0.1	0.9	15	0	0.12	60	1	1	0	1	1	1	0	0	0
20190827	085000	1112	-2	-2	-2	-2	9	-2.00	1.00	55909800000.00	936042000000000.00		0	0	11	12	0	37.19	102.86	0.8	0.5	5	0.1	2.5	2.5	0.9	0.99	0.5	0.1	0.9	15	0	0.12	60	1	1	0	1	1	1	0	0	0
20190827	085100	1112	-2	-2	-2	-2	9	-2.00	1.00	58798900000.00	929893000000000.00		0	0	11	12	0	37.19	102.86	0.8	0.5	5	0.1	2.5	2.5	0.9	0.99	0.5	0.1	0.9	15	0	0.12	60	1	1	0	1	1	1	0	0	0
20190827	085200	1112	-2	-2	-2	-2	9	-2.00	1.00	49379800000.00	812414000000000.00		0	0	11	12	0	37.19	102.86	0.8	0.5	5	0.1	2.5	2.5	0.9	0.99	0.5	0.1	0.9	15	0	0.12	60	1	1	0	1	1	1	0	0	0
20190827	085300	1112	-2	-2	-2	-2	9	-2.00	1.00	56360200000.00	865398000000000.00		0	0	11	12	0	37.19	102.86	0.8	0.5	5	0.1	2.5	2.5	0.9	0.99	0.5	0.1	0.9	15	0	0.12	60	1	1	0	1	1	1	0	0	0
20190827	085400	1112	-2	-2	-2	-2	9	-2.00	1.00	65445700000.00	986326000000000.00		0	0	11	12	0	37.19	102.86	0.8	0.5	5	0.1	2.5	2.5	0.9	0.99	0.5	0.1	0.9	15	0	0.12	60	1	1	0	1	1	1	0	0	0
20190827	085500	1112	-2	-2	-2	-2	9	-2.00	1.00	73822900000.00	1053260000000000.00		0	0	11	12	0	37.19	102.86	0.8	0.5	5	0.1	2.5	2.5	0.9	0.99	0.5	0.1	0.9	15	0	0.12	60	1	1	0	1	1	1	0	0	0
20190827	085600	1112	-2	-2	-2	-2	9	-2.00	1.00	71487600000.00	1036540000000000.00		0	0	11	12	0	37.19	102.86	0.8	0.5	5	0.1	2.5	2.5	0.9	0.99	0.5	0.1	0.9	15	0	0.12	60	1	1	0	1	1	1	0	0	0
20190827	085700	1112	-2	-2	-2	-2	9	-2.00	1.00	59160000000.00	1057530000000000.00		0	0	11	12	0	37.19	102.86	0.8	0.5	5	0.1	2.5	2.5	0.9	0.99	0.5	0.1	0.9	15	0	0.12	60	1	1	0	1	1	1	0	0	0
20190827	085800	1112	-2	-2	-2	-2	9	-2.00	1.00	93966200000.00	1311170000000000.00		0	0	11	12	0	37.19	102.86	0.8	0.5	5	0.1	2.5	2.5	0.9	0.99	0.5	0.1	0.9	15	0	0.12	60	1	1	0	1	1	1	0	0	0
20190827	085900	1112	-2	-2	-2	-2	9	-2.00	1.00	89562800000.00	1401540000000000.00		0	0	11	12	0	37.19	102.86	0.8	0.5	5	0.1	2.5	2.5	0.9	0.99	0.5	0.1	0.9	15	0	0.12	60	1	1	0	1	1	1	0	0	0
20190827	090000	1112	-2	-2	-2	-2	9	-2.00	1.00	81320000000.00	1558940000000000.00		0	0	11	12	0	37.19	102.86	0.8	0.5	5	0.1	2.5	2.5	0.9	0.99	0.5	0.1	0.9	15	0	0.12	60	1	1	0	1	1	1	0	0	0
20190827	090100	1112	-2	-2	-2	-2	9	-2.00	1.00	93788200000.00	1639390000000000.00		0	0	11	12	0	37.19	102.86	0.8	0.5	5	0.1	2.5	2.5	0.9	0.99	0.5	0.1	0.9	15	0	0.12	60	1	1	0	1	1	1	0	0	0
20190827	090200	1112	-2	-2	-2	-2	9	-2.00	1.00	82504100000.00	1589510000000000.00		0	0	11	12	0	37.19	102.86	0.8	0.5	5	0.1	2.5	2.5	0.9	0.99	0.5	0.1	0.9	15	0	0.12	60	1	1	0	1	1	1	0	0	0
20190827	090300	1112	-2	-2	-2	-2	9	-2.00	1.00	91125500000.00	1410770000000000.00		0	0	11	12	0	37.19	102.86	0.8	0.5	5	0.1	2.5	2.5	0.9	0.99	0.5	0.1	0.9	15	0	0.12	60	1	1	0	1	1	1	0	0	0
20190827	090400	1112	-2	-2	-2	-2	9	-2.00	1.00	75983700000.00	1377570000000000.00		0	0	11	12	0	37.19	102.86	0.8	0.5	5	0.1	2.5	2.5	0.9	0.99	0.5	0.1	0.9	15	0	0.12	60	1	1	0	1	1	1	0	0	0
20190827	090500	1112	-2	-2	-2	-2	9	-2.00	1.00	58942400000.00	1183300000000000.00		0	0	11	12	0	37.19	102.86	0.8	0.5	5	0.1	2.5	2.5	0.9	0.99	0.5	0.1	0.9	15	0	0.12	60	1	1	0	1	1	1	0	0	0
20190827	090600	1112	-2	-2	-2	-2	9	-2.00	1.00	38231400000.00	1112650000000000.00		0	0	11	12	0	37.19	102.86	0.8	0.5	5	0.1	2.5	2.5	0.9	0.99	0.5	0.1	0.9	15	0	0.12	60	1	1	0	1	1	1	0	0	0
20190827	090700	1112	0.07	0.39	0.00	0.39	3	1.08	0.99	30762400000.00	1112650000000000.00		0	0	11	12	0	37.19	102.86	0.8	0.5	5	0.1	2.5	2.5	0.9	0.99	0.5	0.1	0.9	15	0	0.12	60	1	1	0	1	1	1	0	0	0
20190827	090800	1112	0.07	0.34	0.00	0.34	3	1.07	0.99	35922200000.00	1094990000000000.00		0	0	11	12	0	37.19	102.86	0.8	0.5	5	0.1	2.5	2.5	0.9	0.99	0.5	0.1	0.9	15	0	0.12	60	1	1	0	1	1	1	0	0	0
20190827	090900	1112	-2	-2	-2	-2	9	-2.00	1.00	35615600000.00	865398000000000.00		0	0	11	12	0	37.19	102.86	0.8	0.5	5	0.1	2.5	2.5	0.9	0.99	0.5	0.1	0.9	15	0	0.12	60	1	1	0	1	1	1	0	0	0
20190827	091000	1112	0.07	0.30	0.00	0.30	8	1.05	0.98	28525000000.00	812414000000000.00		0	0	11	12	0	37.19	102.86	0.8	0.5	5	0.1	2.5	2.5	0.9	0.99	0.5	0.1	0.9	15	0	0.12	60	1	1	0	1	1	1	0	0	0
20190827	091100	1112	-2	-2	-2	-2	9	-2.00	1.00	21803400000.00	918381000000000.00		0	0	11	12	0	37.19	102.86	0.8	0.5	5	0.1	2.5	2.5	0.9	0.99	0.5	0.1	0.9	15	0	0.12	60	1	1	0	1	1	1	0	0	0
20190827	091200	1112	0.14	0.20	0.00	0.20	8	1.01	0.98	9112290000.00	900720000000000.00		0	0	11	12	0	37.19	102.86	0.8	0.5	5	0.1	2.5	2.5	0.9	0.99	0.5	0.1	0.9	15	0	0.12	60	1	1	0	1	1	1	0	0	0
20190827	091300	1112	0.18	0.41	0.00	0.41	8	1.13	0.97	36166500000.00	1042010000000000.00		0	0	11	12	0	37.19	102.86	0.8	0.5	5	0.1	2.5	2.5	0.9	0.99	0.5	0.1	0.9	15	0	0.12	60	1	1	0	1	1	1	0	0	0
20190827	091400	1112	0.20	0.91	0.00	0.91	8	1.20	0.99	1.40	5.27		0	0	11	12	0	37.19	102.86	0.8	0.5	5	0.1	2.5	2.5	0.9	0.99	0.5	0.1	0.9	15	0	0.12	60	1	1	0	1	1	1	0	0	0
20190827	091500	1112	0.19	0.17	0.00	0.17	8	1.01	0.99	488672000.00	900720000000000.00		0	0	11	12	0	37.19	102.86	0.8	0.5	5	0.1	2.5	2.5	0.9	0.99	0.5	0.1	0.9	15	0	0.12	60	1	1	0	1	1	1	0	0	0
20190827	091600	1112	-2	-2	-2	-2	9	-2.00	1.00	63371600000.00	1471300000000000.00		0	0	11	12	0	37.19	102.86	0.8	0.5	5	0.1	2.5	2.5	0.9	0.99	0.5	0.1	0.9	15	0	0.12	60	1	1	0	1	1	1	0	0	0
20190827	091700	1112	0.18	0.82	0.00	0.82	8	1.09	0.99	67896600000.00	1306930000000000.00		0	0	11	12	0	37.19	102.86	0.8	0.5	5	0.1	2.5	2.5	0.9	0.99	0.5	0.1	0.9	15	0	0.12	60	1	1	0	1	1	1	0	0	0
20190827	091800	1112	-2	-2	-2	-2	9	-2.00	1.00	78455800000.00	1342250000000000.00		0	0	11	12	0	37.19	102.86	0.8	0.5	5	0.1	2.5	2.5	0.9	0.99	0.5	0.1	0.9	15	0	0.12	60	1	1	0	1	1	1	0	0	0
20190827	091900	1112	-2	-2	-2	-2	9	-2.00	1.00	90850800000.00	1428850000000000.00		0	0	11	12	0	37.19	102.86	0.8	0.5	5	0.1	2.5	2.5	0.9	0.99	0.5	0.1	0.9	15	0	0.12	60	1	1	0	1	1	1	0	0	0
20190827	092000	1112	0.15	0.77	0.00	0.77	8	1.09	0.96	85153500000.00	1465880000000000.00		0	0	11	12	0	37.19	102.86	0.8	0.5	5	0.1	2.5	2.5	0.9	0.99	0.5	0.1	0.9	15	0	0.12	60	1	1	0	1	1	1	0	0	0
20190827	093000	1112	0.16	0.98	0.00	0.98	8	1.04	0.98	63862700000.00	1412890000000000.00		0	0	11	12	0	37.19	102.86	0.8	0.5	5	0.1	2.5	2.5	0.9	0.99	0.5	0.1	0.9	15	0	0.12	60	1	1	0	1	1	1	0	0	0
20190827	100000	1112	-2	-2	-2	-2	9	-2.00	1.00	53964700000.00	759431000000000.00		0	0	11	12	0	37.19	102.86	0.8	0.5	5	0.1	2.5	2.5	0.9	0.99	0.5	0.1	0.9	15	0	0.12	60	1	1	0	1	1	1	0	0	0
20190827	103000	1112	0.09	0.17	0.00	0.17	8	1.04	0.96	38533200000.00	953703000000000.00		0	0	11	12	0	37.19	102.86	0.8	0.5	5	0.1	2.5	2.5	0.9	0.99	0.5	0.1	0.9	15	0	0.12	60	1	1	0	1	1	1	0	0	0
20190827	110000	1112	0.24	0.51	0.00	0.51	8	1.07	0.97	43070200000.00	1042010000000000.00		0	0	11	12	0	37.19	102.86	0.8	0.5	5	0.1	2.5	2.5	0.9	0.99	0.5	0.1	0.9	15	0	0.12	60	1	1	0	1	1	1	0	0	0
20190827	113000	1112	0.29	0.37	0.01	0.36	8	1.04	0.89	49322300000.00	777092000000000.00		0	0	11	12	0	37.19	102.86	0.8	0.5	5	0.1	2.5	2.5	0.9	0.99	0.5	0.1	0.9	15	0	0.12	60	1	1	0	1	1	1	0	0	0
20190827	120000	1112	0.05	0.52	0.00	0.52	8	1.07	0.97	53485600000.00	865398000000000.00		0	0	11	12	0	37.19	102.86	0.8	0.5	5	0.1	2.5	2.5	0.9	0.99	0.5	0.1	0.9	15	0	0.12	60	1	1	0	1	1	1	0	0	0
20190827	123000	1112	0.32	0.31	0.01	0.30	8	1.01	0.98	50338000000.00	777092000000000.00		0	0	11	12	0	37.19	102.86	0.8	0.5	5	0.1	2.5	2.5	0.9	0.99	0.5	0.1	0.9	15	0	0.12	60	1	1	0	1	1	1	0	0	0
20190827	130000	1112	-2	-2	-2	-2	9	-2.00	1.00	50774000000.00	777092000000000.00		0	0	11	12	0	37.19	102.86	0.8	0.5	5	0.1	2.5	2.5	0.9	0.99	0.5	0.1	0.9	15	0	0.12	60	1	1	0	1	1	1	0	0	0
20190827	133000	1112	-2	-2	-2	-2	9	-2.00	1.00	51794400000.00	777092000000000.00		0	0	11	12	0	37.19	102.86	0.8	0.5	5	0.1	2.5	2.5	0.9	0.99	0.5	0.1	0.9	15	0	0.12	60	1	1	0	1	1	1	0	0	0
20190827	140000	1112	0.22	0.33	0.02	0.31	8	1.02	0.97	58549600000.00	777092000000000.00		0	0	11	12	0	37.19	102.86	0.8	0.5	5	0.1	2.5	2.5	0.9	0.99	0.5	0.1	0.9	15	0	0.12	60	1	1	0	1	1	1	0	0	0
20190827	143000	1112	0.15	0.67	0.00	0.67	8	1.08	0.96	77770700000.00	1130320000000000.00		0	0	11	12	0	37.19	102.86	0.8	0.5	5	0.1	2.5	2.5	0.9	0.99	0.5	0.1	0.9	15	0	0.12	60	1	1	0	1	1	1	0	0	0
20190827	153000	1112	-2	-2	-2	-2	9	-2.00	1.00	51024300000.00	810271000000000.00		0	0	11	12	0	37.19	102.86	0.8	0.5	5	0.1	2.5	2.5	0.9	0.99	0.5	0.1	0.9	15	0	0.12	60	1	1	0	1	1	1	0	0	0
20190827	163000	1112	0.02	0.39	0.00	0.39	8	1.06	0.74	55496900000.00	912367000000000.00		0	0	11	12	0	37.19	102.86	0.8	0.5	5	0.1	2.5	2.5	0.9	0.99	0.5	0.1	0.9	15	0	0.12	60	1	1	0	1	1	1	0	0	0
20190827	170000	1112	-2	-2	-2	-2	9	-2.00	1.00	65207100000.00	854131000000000.00		0	0	11	12	0	37.19	102.86	0.8	0.5	5	0.1	2.5	2.5	0.9	0.99	0.5	0.1	0.9	15	0	0.12	60	1	1	0	1	1	1	0	0	0
20190827	173000	1112	-2	-2	-2	-2	9	-2.00	1.00	55490000000.00	869116000000000.00		0	0	11	12	0	37.19	102.86	0.8	0.5	5	0.1	2.5	2.5	0.9	0.99	0.5	0.1	0.9	15	0	0.12	60	1	1	0	1	1	1	0	0	0
20190827	180000	1112	-2	-2	-2	-2	9	-2.00	1.00	68875300000.00	1121380000000000.00		0	0	11	12	0	37.19	102.86	0.8	0.5	5	0.1	2.5	2.5	0.9	0.99	0.5	0.1	0.9	15	0	0.12	60	1	1	0	1	1	1	0	0	0
20190827	183000	1112	-2	-2	-2	-2	9	-2.00	1.00	41230500000.00	671125000000000.00		0	0	11	12	0	37.19	102.86	0.8	0.5	5	0.1	2.5	2.5	0.9	0.99	0.5	0.1	0.9	15	0	0.12	60	1	1	0	1	1	1	0	0	0
20190827	190000	1112	-2	-2	-2	-2	9	-2.00	1.00	65635300000.00	971365000000000.00		0	0	11	12	0	37.19	102.86	0.8	0.5	5	0.1	2.5	2.5	0.9	0.99	0.5	0.1	0.9	15	0	0.12	60	1	1	0	1	1	1	0	0	0
20190827	193000	1112	-2	-2	-2	-2	9	-2.00	1.00	151021000000.00	1940580000000000.00		0	0	11	12	0	37.19	102.86	0.8	0.5	5	0.1	2.5	2.5	0.9	0.99	0.5	0.1	0.9	15	0	0.12	60	1	1	0	1	1	1	0	0	0
20190827	193000	1112	-2	-2	-2	-2	9	-2.00	1.00	151021000000.00	1940580000000000.00		0	0	11	12	0	37.19	102.86	0.8	0.5	5	0.1	2.5	2.5	0.9	0.99	0.5	0.1	0.9	15	0	0.12	60	1	1	0	1	1	1	0	0	0
