%[yyyymmdd]	[HHMMSS]	 Relative Cloudiness
%date	time	Ext	BRBG	CDOC	thick	thin	sun	hcf	BRmin	BRmid	Brmax	center_x	center_y	ext_ne	ext_ue	imagesize	latitude	longitude	level_brightpix	level_circle_ratio	level_bright_ratio	level_clear_sky	level_ne	level_ue	level_object_ratio	level_sunpix	level_thick_clouds	level_thin_clouds	level_mask_csi	o_min_size	offset_Angle	rad_sunmask	zenith_angle	rad_zero	use_horizon	use_sunmask	use_sunpix	use_brg	use_cdoc	write_sunpix	merge_sunmask	use_underexposed
20190830	070000	1112	-2	-2	-2	-2	9	-2.00	1.00	105002000000.00	1359910000000000.00		0	0	11	12	0	37.19	102.86	0.8	0.5	5	0.1	2.5	2.5	0.9	0.99	0.5	0.1	0.9	15	0	0.12	60	1	1	0	1	1	1	0	0	0
20190830	073000	1112	0.00	0.25	0.00	0.25	0	1.00	0.99	73176200000.00	1200960000000000.00		0	0	11	12	0	37.19	102.86	0.8	0.5	5	0.1	2.5	2.5	0.9	0.99	0.5	0.1	0.9	15	0	0.12	60	1	1	0	1	1	1	0	0	0
20190830	080000	1112	-2	-2	-2	-2	9	-2.00	1.00	65850900000.00	936042000000000.00		0	0	11	12	0	37.19	102.86	0.8	0.5	5	0.1	2.5	2.5	0.9	0.99	0.5	0.1	0.9	15	0	0.12	60	1	1	0	1	1	1	0	0	0
20190830	083000	1112	0.02	0.29	0.01	0.28	0	1.00	0.79	63522000000.00	974805000000000.00		0	0	11	12	0	37.19	102.86	0.8	0.5	5	0.1	2.5	2.5	0.9	0.99	0.5	0.1	0.9	15	0	0.12	60	1	1	0	1	1	1	0	0	0
20190830	090000	1112	0.03	0.24	0.01	0.23	0	1.00	0.86	68615200000.00	958598000000000.00		0	0	11	12	0	37.19	102.86	0.8	0.5	5	0.1	2.5	2.5	0.9	0.99	0.5	0.1	0.9	15	0	0.12	60	1	1	0	1	1	1	0	0	0
20190830	093000	1112	0.02	0.39	0.01	0.38	8	1.05	0.91	47415800000.00	846831000000000.00		0	0	11	12	0	37.19	102.86	0.8	0.5	5	0.1	2.5	2.5	0.9	0.99	0.5	0.1	0.9	15	0	0.12	60	1	1	0	1	1	1	0	0	0
20190830	100000	1112	0.04	0.40	0.01	0.39	8	1.05	0.89	50713400000.00	868407000000000.00		0	0	11	12	0	37.19	102.86	0.8	0.5	5	0.1	2.5	2.5	0.9	0.99	0.5	0.1	0.9	15	0	0.12	60	1	1	0	1	1	1	0	0	0
20190830	103000	1112	0.05	0.31	0.01	0.30	8	1.03	0.78	26326000000.00	936042000000000.00		0	0	11	12	0	37.19	102.86	0.8	0.5	5	0.1	2.5	2.5	0.9	0.99	0.5	0.1	0.9	15	0	0.12	60	1	1	0	1	1	1	0	0	0
20190830	110000	1112	-2	-2	-2	-2	9	-2.00	1.00	45282900000.00	818836000000000.00		0	0	11	12	0	37.19	102.86	0.8	0.5	5	0.1	2.5	2.5	0.9	0.99	0.5	0.1	0.9	15	0	0.12	60	1	1	0	1	1	1	0	0	0
20190830	113000	1112	0.14	0.34	0.01	0.33	8	1.04	0.82	49871800000.00	818836000000000.00		0	0	11	12	0	37.19	102.86	0.8	0.5	5	0.1	2.5	2.5	0.9	0.99	0.5	0.1	0.9	15	0	0.12	60	1	1	0	1	1	1	0	0	0
20190830	120000	1112	0.14	0.34	0.01	0.33	8	1.04	0.79	48099100000.00	836111000000000.00		0	0	11	12	0	37.19	102.86	0.8	0.5	5	0.1	2.5	2.5	0.9	0.99	0.5	0.1	0.9	15	0	0.12	60	1	1	0	1	1	1	0	0	0
20190830	123000	1112	0.15	0.34	0.00	0.34	8	1.04	0.94	54007800000.00	759431000000000.00		0	0	11	12	0	37.19	102.86	0.8	0.5	5	0.1	2.5	2.5	0.9	0.99	0.5	0.1	0.9	15	0	0.12	60	1	1	0	1	1	1	0	0	0
20190830	130000	1112	0.36	0.34	0.02	0.32	8	1.03	0.86	54352800000.00	777092000000000.00		0	0	11	12	0	37.19	102.86	0.8	0.5	5	0.1	2.5	2.5	0.9	0.99	0.5	0.1	0.9	15	0	0.12	60	1	1	0	1	1	1	0	0	0
20190830	133000	1112	0.34	0.35	0.01	0.34	8	1.03	0.98	45039300000.00	706447000000000.00		0	0	11	12	0	37.19	102.86	0.8	0.5	5	0.1	2.5	2.5	0.9	0.99	0.5	0.1	0.9	15	0	0.12	60	1	1	0	1	1	1	0	0	0
20190830	140000	1112	-2	-2	-2	-2	9	-2.00	1.00	52757400000.00	777092000000000.00		0	0	11	12	0	37.19	102.86	0.8	0.5	5	0.1	2.5	2.5	0.9	0.99	0.5	0.1	0.9	15	0	0.12	60	1	1	0	1	1	1	0	0	0
20190830	143000	1112	-2	-2	-2	-2	9	-2.00	1.00	56038800000.00	829115000000000.00		0	0	11	12	0	37.19	102.86	0.8	0.5	5	0.1	2.5	2.5	0.9	0.99	0.5	0.1	0.9	15	0	0.12	60	1	1	0	1	1	1	0	0	0
20190830	150000	1112	-2	-2	-2	-2	9	-2.00	1.00	47803600000.00	777092000000000.00		0	0	11	12	0	37.19	102.86	0.8	0.5	5	0.1	2.5	2.5	0.9	0.99	0.5	0.1	0.9	15	0	0.12	60	1	1	0	1	1	1	0	0	0
20190830	153000	1112	0.25	0.33	0.04	0.29	8	1.03	0.96	54007800000.00	759431000000000.00		0	0	11	12	0	37.19	102.86	0.8	0.5	5	0.1	2.5	2.5	0.9	0.99	0.5	0.1	0.9	15	0	0.12	60	1	1	0	1	1	1	0	0	0
20190830	160000	1112	0.21	0.52	0.08	0.44	8	1.09	0.98	49451700000.00	777092000000000.00		0	0	11	12	0	37.19	102.86	0.8	0.5	5	0.1	2.5	2.5	0.9	0.99	0.5	0.1	0.9	15	0	0.12	60	1	1	0	1	1	1	0	0	0
20190830	160000	1112	0.21	0.52	0.08	0.44	8	1.09	0.98	49451700000.00	777092000000000.00		0	0	11	12	0	37.19	102.86	0.8	0.5	5	0.1	2.5	2.5	0.9	0.99	0.5	0.1	0.9	15	0	0.12	60	1	1	0	1	1	1	0	0	0
20190830	150000	1112	-2	-2	-2	-2	9	-2.00	1.00	47803600000.00	777092000000000.00		0	0	11	12	0	37.19	102.86	0.8	0.5	5	0.1	2.5	2.5	0.9	0.99	0.5	0.1	0.9	15	0	0.12	60	1	1	0	1	1	1	0	0	0
20190830	160000	1112	0.21	0.52	0.08	0.44	8	1.09	0.98	49451700000.00	777092000000000.00		0	0	11	12	0	37.19	102.86	0.8	0.5	5	0.1	2.5	2.5	0.9	0.99	0.5	0.1	0.9	15	0	0.12	60	1	1	0	1	1	1	0	0	0
20190830	163000	12	0.30	0.35	0.12	0.23	8	1.01	0.96	49058800000.00	777092000000000.00
20190830	163000	12	0.30	0.35	0.12	0.23	8	1.01	0.96	49058800000.00	777092000000000.00
20190830	170000	1112	0.10	0.52	0.06	0.46	8	1.06	0.95	72711500000.00	1271600000000000.00
20190830	173000	1112	0.08	0.35	0.06	0.29	8	1.03	0.91	77104800000.00	1200960000000000.00
20190830	180000	1112	-2	-2	-2	-2	9	-2.00	1.00	61639700000.00	1024350000000000.00
20190830	183000	1112	-2	-2	-2	-2	9	-2.00	1.00	63196800000.00	1077330000000000.00
20190830	190000	1112	0.02	0.32	0.02	0.30	8	0.99	0.00	17170600000.00	1289270000000000.00
20190830	193000	1112	0.01	0.26	0.01	0.25	8	0.97	0.66	83383600000.00	1391670000000000.00
